#FILENAME  G   BP   RP  V  g  r
# FT3750G000M025K200A000.DAT     7.28651    8.21042    6.34682    7.97029    8.97836    7.38951
           9.0900     0.000000E+00
           9.3500     0.000000E+00
           9.6100     0.000000E+00
           9.7700     0.000000E+00
           9.9600     0.000000E+00
          10.2000     0.000000E+00
          10.3800     0.000000E+00
          10.5600     0.000000E+00
          10.7700     0.000000E+00
          11.0400     0.000000E+00
          11.4000     0.000000E+00
          11.7800     0.000000E+00
          12.1300     0.000000E+00
          12.4800     0.000000E+00
          12.7100     0.000000E+00
          12.8400     0.000000E+00
          13.0500     0.000000E+00
          13.2400     0.000000E+00
          13.3900     0.000000E+00
          13.6600     0.000000E+00
          13.9800     0.000000E+00
          14.3300     0.000000E+00
          14.7200     0.000000E+00
          15.1000     0.000000E+00
          15.5200     0.000000E+00
          15.8800     0.000000E+00
          16.2000     0.000000E+00
          16.6000     0.000000E+00
          17.0300     0.000000E+00
          17.3400     0.000000E+00
          17.6800     0.000000E+00
          18.0200     0.000000E+00
          18.1700     0.000000E+00
          18.6100     0.000000E+00
          19.1000     0.000000E+00
          19.3900     0.000000E+00
          19.8400     0.000000E+00
          20.1800     0.000000E+00
          20.5000     0.000000E+00
          21.0500     0.000000E+00
          21.6200     0.000000E+00
          21.9800     0.000000E+00
          22.3000     0.000000E+00
          22.6800     0.000000E+00
          23.0000     0.000000E+00
          23.4000     0.000000E+00
          24.0000     0.000000E+00
          24.6500     0.000000E+00
          25.2400     0.000000E+00
          25.6800     0.000000E+00
          26.0000     0.000000E+00
          26.4000     0.000000E+00
          26.8500     0.000000E+00
          27.3500     0.000000E+00
          27.8500     0.000000E+00
          28.4000     0.000000E+00
          29.0000     0.000000E+00
          29.6000     0.000000E+00
          30.1000     0.000000E+00
          30.8000     0.000000E+00
          31.8000     0.000000E+00
          32.8000     0.000000E+00
          33.8000     0.000000E+00
          34.8000     0.000000E+00
          35.7000     0.000000E+00
          36.6000     0.000000E+00
          37.5000     0.000000E+00
          38.5000     0.000000E+00
          39.5000     0.000000E+00
          40.5000     0.000000E+00
          41.4000     0.000000E+00
          42.2000     0.000000E+00
          43.0000     0.000000E+00
          44.1000     0.000000E+00
          45.1000     0.000000E+00
          46.0000     0.000000E+00
          47.0000     0.000000E+00
          48.0000     0.000000E+00
          49.0000     0.000000E+00
          50.0000     0.000000E+00
          50.6000     0.000000E+00
          51.2000     0.000000E+00
          52.0000     0.000000E+00
          53.0000     0.000000E+00
          54.0000     0.000000E+00
          55.0000     0.000000E+00
          56.0000     0.000000E+00
          57.0000     0.000000E+00
          58.0000     0.000000E+00
          59.0000     0.000000E+00
          60.0000     0.000000E+00
          61.0000     0.000000E+00
          62.0000     0.000000E+00
          63.0000     0.000000E+00
          64.0000     0.000000E+00
          65.0000     0.000000E+00
          65.8000     0.000000E+00
          66.5000     0.000000E+00
          67.5000     0.000000E+00
          68.5000     0.000000E+00
          69.5000     0.000000E+00
          70.5000     0.000000E+00
          71.6000     0.000000E+00
          72.6000     0.000000E+00
          73.5000     0.000000E+00
          74.5000     0.000000E+00
          75.5000     0.000000E+00
          76.5000     0.000000E+00
          77.5000     0.000000E+00
          78.5000     0.000000E+00
          79.5000     0.000000E+00
          80.5000     0.000000E+00
          81.5000     0.000000E+00
          82.5000     0.000000E+00
          83.5000     0.000000E+00
          84.5000     0.000000E+00
          85.5000     0.000000E+00
          86.5000     0.000000E+00
          87.5000     0.000000E+00
          88.5000     0.000000E+00
          89.5000     0.000000E+00
          90.5000     0.000000E+00
          91.5000     0.150347E-37
          92.5000     0.543200E-37
          93.5000     0.818384E-37
          94.5000     0.186329E-36
          95.5000     0.383834E-36
          96.5000     0.725105E-36
          97.5000     0.845681E-36
          98.5000     0.233894E-35
          99.5000     0.414524E-35
         100.5000     0.634975E-35
         101.5000     0.895402E-35
         102.5000     0.212167E-34
         103.5000     0.429046E-34
         104.5000     0.721624E-34
         105.5000     0.960758E-34
         106.5000     0.214933E-33
         107.5000     0.335072E-33
         108.5000     0.529173E-33
         109.5000     0.730376E-33
         110.5000     0.110507E-32
         111.5000     0.157579E-32
         112.5000     0.327587E-32
         113.5000     0.590461E-32
         114.5000     0.898041E-32
         115.5000     0.129470E-31
         116.5000     0.177219E-31
         117.5000     0.255914E-31
         118.5000     0.340939E-31
         119.5000     0.224354E-31
         120.5000     0.226712E-31
         121.5000     0.838667E-32
         122.5000     0.514033E-31
         123.5000     0.101713E-30
         124.5000     0.230293E-30
         125.5000     0.403060E-30
         126.5000     0.584478E-30
         127.5000     0.931461E-30
         128.5000     0.102986E-29
         129.5000     0.157470E-29
         130.5000     0.200383E-29
         131.5000     0.302886E-29
         132.5000     0.377850E-29
         133.5000     0.477728E-29
         134.5000     0.667019E-29
         135.5000     0.945815E-29
         136.5000     0.117683E-28
         137.5000     0.149606E-28
         138.5000     0.186987E-28
         139.5000     0.244836E-28
         140.5000     0.373007E-28
         141.5000     0.461390E-28
         142.5000     0.587155E-28
         143.5000     0.827489E-28
         144.2000     0.115949E-27
         144.7000     0.113320E-27
         145.5000     0.140391E-27
         146.5000     0.198263E-27
         147.5000     0.244260E-27
         148.5000     0.320093E-27
         149.5000     0.490360E-27
         150.5000     0.703773E-27
         151.2000     0.547162E-27
         151.7000     0.774816E-27
         152.5000     0.115282E-26
         153.5000     0.189940E-26
         154.5000     0.158447E-26
         155.5000     0.257234E-26
         156.5000     0.270846E-26
         157.5000     0.556529E-26
         158.5000     0.638334E-26
         159.5000     0.664530E-26
         160.5000     0.793953E-26
         161.5000     0.973581E-26
         162.5000     0.111901E-25
         163.5000     0.152157E-25
         164.5000     0.207352E-25
         165.5000     0.226528E-25
         166.5000     0.314447E-25
         167.2000     0.313395E-25
         167.7000     0.403319E-25
         168.5000     0.525291E-25
         169.5000     0.747205E-25
         170.5000     0.839914E-25
         171.5000     0.102873E-24
         172.5000     0.138625E-24
         173.5000     0.168140E-24
         174.5000     0.223763E-24
         175.5000     0.241427E-24
         176.5000     0.322426E-24
         177.5000     0.333634E-24
         178.5000     0.591174E-24
         179.5000     0.517503E-24
         180.5000     0.952801E-24
         181.5000     0.765607E-24
         182.5000     0.117352E-23
         183.5000     0.112266E-23
         184.5000     0.177605E-23
         185.5000     0.144530E-23
         186.5000     0.247483E-23
         187.5000     0.239294E-23
         188.5000     0.320677E-23
         189.5000     0.393400E-23
         190.5000     0.445744E-23
         191.5000     0.647527E-23
         192.5000     0.585520E-23
         193.5000     0.521178E-23
         194.5000     0.886887E-23
         195.5000     0.128469E-22
         196.7000     0.141507E-22
         197.6000     0.173278E-22
         198.4000     0.235129E-22
         199.5000     0.211132E-22
         200.5000     0.264290E-22
         201.5000     0.304594E-22
         202.5000     0.311167E-22
         203.5000     0.385203E-22
         204.5000     0.400586E-22
         205.5000     0.508341E-22
         206.5000     0.493550E-22
         207.4000     0.454550E-22
         207.8000     0.627093E-22
         208.5000     0.817156E-22
         209.5000     0.117239E-21
         210.5000     0.128272E-21
         211.5000     0.129502E-21
         212.5000     0.169677E-21
         213.5000     0.228674E-21
         214.5000     0.156913E-21
         215.5000     0.230593E-21
         216.5000     0.222830E-21
         217.5000     0.259243E-21
         218.5000     0.240630E-21
         219.5000     0.467822E-21
         220.5000     0.368508E-21
         221.5000     0.521083E-21
         222.5000     0.402684E-21
         223.5000     0.803161E-21
         224.5000     0.867454E-21
         225.5000     0.131961E-20
         226.5000     0.562909E-21
         227.5000     0.156254E-20
         228.5000     0.114324E-20
         229.5000     0.249820E-20
         230.5000     0.714029E-21
         231.5000     0.387347E-20
         232.5000     0.234346E-20
         233.5000     0.463632E-20
         234.5000     0.276822E-20
         235.5000     0.198787E-20
         236.5000     0.318861E-20
         237.5000     0.279413E-20
         238.5000     0.653465E-20
         239.5000     0.563887E-20
         240.5000     0.135580E-19
         241.5000     0.633719E-20
         242.5000     0.977599E-20
         243.5000     0.163428E-19
         244.5000     0.262201E-19
         245.5000     0.333308E-19
         246.5000     0.156165E-19
         247.5000     0.341699E-19
         248.5000     0.814978E-20
         249.5000     0.119669E-19
         250.5000     0.282964E-19
         251.3000     0.172211E-19
         251.8000     0.201792E-19
         252.5000     0.267326E-19
         253.5000     0.925591E-19
         254.5000     0.116905E-18
         255.5000     0.125673E-18
         256.5000     0.518688E-19
         257.5000     0.121446E-18
         258.5000     0.608992E-19
         259.5000     0.952672E-19
         260.5000     0.147365E-18
         261.5000     0.121260E-18
         262.5000     0.261103E-18
         263.5000     0.457020E-18
         264.5000     0.298913E-18
         265.5000     0.509656E-18
         266.5000     0.361313E-18
         267.5000     0.361828E-18
         268.5000     0.513206E-18
         269.5000     0.292934E-18
         270.5000     0.705600E-18
         271.5000     0.605586E-18
         272.5000     0.455182E-18
         273.5000     0.491797E-18
         274.5000     0.769310E-18
         275.5000     0.709489E-18
         276.5000     0.130428E-17
         277.5000     0.180917E-17
         278.5000     0.107525E-17
         279.5000     0.121073E-17
         280.5000     0.120820E-17
         281.5000     0.182410E-17
         282.5000     0.168451E-17
         283.5000     0.135146E-17
         284.5000     0.761842E-18
         285.5000     0.272063E-18
         286.5000     0.142969E-17
         287.5000     0.190584E-17
         288.5000     0.388148E-17
         289.5000     0.482124E-17
         291.0000     0.585716E-17
         293.0000     0.634184E-17
         295.0000     0.621213E-17
         297.0000     0.645222E-17
         299.0000     0.761287E-17
         301.0000     0.826240E-17
         303.0000     0.103918E-16
         305.0000     0.130413E-16
         307.0000     0.184657E-16
         309.0000     0.232255E-16
         311.0000     0.326889E-16
         313.0000     0.344813E-16
         315.0000     0.547535E-16
         317.0000     0.774668E-16
         319.0000     0.627419E-16
         321.0000     0.812538E-16
         323.0000     0.709994E-16
         325.0000     0.102817E-15
         327.0000     0.156115E-15
         329.0000     0.215314E-15
         331.0000     0.183705E-15
         333.0000     0.204991E-15
         335.0000     0.205623E-15
         337.0000     0.155638E-15
         339.0000     0.180136E-15
         341.0000     0.227765E-15
         343.0000     0.283552E-15
         345.0000     0.241660E-15
         347.0000     0.275940E-15
         349.0000     0.352656E-15
         351.0000     0.451550E-15
         353.0000     0.387587E-15
         355.0000     0.622714E-15
         357.0000     0.269262E-15
         359.0000     0.219019E-15
         361.0000     0.369129E-15
         363.0000     0.658352E-15
         364.0000     0.673240E-15
         365.0000     0.840467E-15
         367.0000     0.121252E-14
         369.0000     0.101193E-14
         371.0000     0.823798E-15
         373.0000     0.311212E-15
         375.0000     0.392332E-15
         377.0000     0.876472E-15
         379.0000     0.109389E-14
         381.0000     0.875051E-15
         383.0000     0.369978E-15
         385.0000     0.627251E-15
         387.0000     0.639069E-15
         389.0000     0.862969E-15
         391.0000     0.955124E-15
         393.0000     0.282450E-15
         395.0000     0.606571E-15
         397.0000     0.372290E-15
         399.0000     0.167804E-14
         401.0000     0.297970E-14
         403.0000     0.268253E-14
         405.0000     0.278570E-14
         407.0000     0.271330E-14
         409.0000     0.392778E-14
         411.0000     0.303146E-14
         413.0000     0.296512E-14
         415.0000     0.288768E-14
         417.0000     0.273891E-14
         419.0000     0.320259E-14
         421.0000     0.320249E-14
         423.0000     0.239419E-14
         425.0000     0.423982E-14
         427.0000     0.408466E-14
         429.0000     0.405395E-14
         431.0000     0.434424E-14
         433.0000     0.660644E-14
         435.0000     0.723098E-14
         437.0000     0.755302E-14
         439.0000     0.641715E-14
         441.0000     0.670667E-14
         443.0000     0.764548E-14
         445.0000     0.804981E-14
         447.0000     0.901591E-14
         449.0000     0.975554E-14
         451.0000     0.123431E-13
         453.0000     0.959335E-14
         455.0000     0.104897E-13
         457.0000     0.123695E-13
         459.0000     0.122529E-13
         461.0000     0.129668E-13
         463.0000     0.129265E-13
         465.0000     0.131963E-13
         467.0000     0.145236E-13
         469.0000     0.145132E-13
         471.0000     0.140794E-13
         473.0000     0.145341E-13
         475.0000     0.156257E-13
         477.0000     0.147880E-13
         479.0000     0.150403E-13
         481.0000     0.157846E-13
         483.0000     0.168691E-13
         485.0000     0.167709E-13
         487.0000     0.161974E-13
         489.0000     0.180914E-13
         491.0000     0.184527E-13
         493.0000     0.177754E-13
         495.0000     0.188356E-13
         497.0000     0.169865E-13
         499.0000     0.158354E-13
         501.0000     0.142215E-13
         503.0000     0.160690E-13
         505.0000     0.160996E-13
         507.0000     0.170233E-13
         509.0000     0.151749E-13
         511.0000     0.164718E-13
         513.0000     0.152667E-13
         515.0000     0.151339E-13
         517.0000     0.132545E-13
         519.0000     0.141123E-13
         521.0000     0.150836E-13
         523.0000     0.204714E-13
         525.0000     0.212259E-13
         527.0000     0.189551E-13
         529.0000     0.231986E-13
         531.0000     0.260805E-13
         533.0000     0.219889E-13
         535.0000     0.251634E-13
         537.0000     0.256869E-13
         539.0000     0.239278E-13
         541.0000     0.243924E-13
         543.0000     0.245443E-13
         545.0000     0.257184E-13
         547.0000     0.244747E-13
         549.0000     0.246779E-13
         551.0000     0.241332E-13
         553.0000     0.269210E-13
         555.0000     0.280018E-13
         557.0000     0.277332E-13
         559.0000     0.267997E-13
         561.0000     0.277346E-13
         563.0000     0.269640E-13
         565.0000     0.282011E-13
         567.0000     0.275022E-13
         569.0000     0.296811E-13
         571.0000     0.274060E-13
         573.0000     0.316012E-13
         575.0000     0.301538E-13
         577.0000     0.310898E-13
         579.0000     0.286133E-13
         581.0000     0.318432E-13
         583.0000     0.340309E-13
         585.0000     0.318457E-13
         587.0000     0.317735E-13
         589.0000     0.231897E-13
         591.0000     0.302154E-13
         593.0000     0.311502E-13
         595.0000     0.312873E-13
         597.0000     0.331520E-13
         599.0000     0.320717E-13
         601.0000     0.314557E-13
         603.0000     0.340545E-13
         605.0000     0.352580E-13
         607.0000     0.355250E-13
         609.0000     0.335778E-13
         611.0000     0.340970E-13
         613.0000     0.314287E-13
         615.0000     0.334879E-13
         617.0000     0.298353E-13
         619.0000     0.320919E-13
         621.0000     0.311803E-13
         623.0000     0.291549E-13
         625.0000     0.282038E-13
         627.0000     0.307715E-13
         629.0000     0.329576E-13
         631.0000     0.321574E-13
         633.0000     0.336607E-13
         635.0000     0.339857E-13
         637.0000     0.335603E-13
         639.0000     0.346168E-13
         641.0000     0.346435E-13
         643.0000     0.344098E-13
         645.0000     0.351680E-13
         647.0000     0.358567E-13
         649.0000     0.337356E-13
         651.0000     0.355530E-13
         653.0000     0.363819E-13
         655.0000     0.355441E-13
         657.0000     0.360246E-13
         659.0000     0.366970E-13
         661.0000     0.367558E-13
         663.0000     0.366650E-13
         665.0000     0.360854E-13
         667.0000     0.348621E-13
         669.0000     0.353514E-13
         671.0000     0.337204E-13
         673.0000     0.347717E-13
         675.0000     0.339607E-13
         677.0000     0.356406E-13
         679.0000     0.344299E-13
         681.0000     0.353553E-13
         683.0000     0.365320E-13
         685.0000     0.358374E-13
         687.0000     0.365785E-13
         689.0000     0.381737E-13
         691.0000     0.383581E-13
         693.0000     0.371880E-13
         695.0000     0.365698E-13
         697.0000     0.381026E-13
         699.0000     0.371441E-13
         701.0000     0.366947E-13
         703.0000     0.380982E-13
         705.0000     0.384410E-13
         707.0000     0.347413E-13
         709.0000     0.335094E-13
         711.0000     0.328552E-13
         713.0000     0.304410E-13
         715.0000     0.311850E-13
         717.0000     0.331867E-13
         719.0000     0.331727E-13
         721.0000     0.340278E-13
         723.0000     0.364043E-13
         725.0000     0.365425E-13
         727.0000     0.368128E-13
         729.0000     0.363228E-13
         731.0000     0.372353E-13
         733.0000     0.375670E-13
         735.0000     0.374691E-13
         737.0000     0.395930E-13
         739.0000     0.388530E-13
         741.0000     0.388528E-13
         743.0000     0.394071E-13
         745.0000     0.397133E-13
         747.0000     0.394666E-13
         749.0000     0.393244E-13
         751.0000     0.406771E-13
         753.0000     0.412719E-13
         755.0000     0.416583E-13
         757.0000     0.413382E-13
         759.0000     0.404225E-13
         761.0000     0.406402E-13
         763.0000     0.407564E-13
         765.0000     0.409362E-13
         767.0000     0.387699E-13
         769.0000     0.406410E-13
         771.0000     0.392707E-13
         773.0000     0.398049E-13
         775.0000     0.394403E-13
         777.0000     0.407918E-13
         779.0000     0.407719E-13
         781.0000     0.413797E-13
         783.0000     0.406688E-13
         785.0000     0.399646E-13
         787.0000     0.406274E-13
         789.0000     0.385452E-13
         791.0000     0.373099E-13
         793.0000     0.380660E-13
         795.0000     0.368445E-13
         797.0000     0.395239E-13
         799.0000     0.390863E-13
         801.0000     0.395480E-13
         803.0000     0.397076E-13
         805.0000     0.393628E-13
         807.0000     0.384916E-13
         809.0000     0.373652E-13
         811.0000     0.370647E-13
         813.0000     0.383022E-13
         815.0000     0.385758E-13
         817.0000     0.389609E-13
         819.0000     0.381999E-13
         821.0000     0.375878E-13
         823.0000     0.390735E-13
         825.0000     0.389687E-13
         827.0000     0.398724E-13
         829.0000     0.391787E-13
         831.0000     0.370491E-13
         833.0000     0.376718E-13
         835.0000     0.375190E-13
         837.0000     0.381873E-13
         839.0000     0.365364E-13
         841.0000     0.387184E-13
         843.0000     0.372953E-13
         845.0000     0.382454E-13
         847.0000     0.384654E-13
         849.0000     0.375405E-13
         851.0000     0.354604E-13
         853.0000     0.366892E-13
         855.0000     0.287112E-13
         857.0000     0.390853E-13
         859.0000     0.390333E-13
         861.0000     0.392913E-13
         863.0000     0.396751E-13
         865.0000     0.390311E-13
         867.0000     0.305205E-13
         869.0000     0.376836E-13
         871.0000     0.396817E-13
         873.0000     0.400528E-13
         875.0000     0.400200E-13
         877.0000     0.402361E-13
         879.0000     0.402763E-13
         881.0000     0.390080E-13
         883.0000     0.397157E-13
         885.0000     0.406856E-13
         887.0000     0.391149E-13
         889.0000     0.398599E-13
         891.0000     0.407184E-13
         893.0000     0.392874E-13
         895.0000     0.391121E-13
         897.0000     0.394377E-13
         899.0000     0.399258E-13
         901.0000     0.382862E-13
         903.0000     0.393380E-13
         905.0000     0.406842E-13
         907.0000     0.408774E-13
         909.0000     0.388668E-13
         911.0000     0.385810E-13
         913.0000     0.400432E-13
         915.0000     0.366661E-13
         917.0000     0.356409E-13
         919.0000     0.365517E-13
         921.0000     0.354449E-13
         923.0000     0.365952E-13
         925.0000     0.361014E-13
         927.0000     0.368149E-13
         929.0000     0.361462E-13
         931.0000     0.378249E-13
         933.0000     0.379269E-13
         935.0000     0.372172E-13
         937.0000     0.365786E-13
         939.0000     0.361406E-13
         941.0000     0.352951E-13
         943.0000     0.359854E-13
         945.0000     0.348897E-13
         947.0000     0.364508E-13
         949.0000     0.361697E-13
         951.0000     0.372459E-13
         953.0000     0.370265E-13
         955.0000     0.364726E-13
         957.0000     0.365503E-13
         959.0000     0.375641E-13
         961.0000     0.368480E-13
         963.0000     0.369842E-13
         965.0000     0.355150E-13
         967.0000     0.352658E-13
         969.0000     0.364664E-13
         971.0000     0.362351E-13
         973.0000     0.360863E-13
         975.0000     0.359989E-13
         977.0000     0.363331E-13
         979.0000     0.353856E-13
         981.0000     0.371518E-13
         983.0000     0.367630E-13
         985.0000     0.374428E-13
         987.0000     0.373895E-13
         989.0000     0.376496E-13
         991.0000     0.371078E-13
         993.0000     0.375605E-13
         995.0000     0.372162E-13
         997.0000     0.377221E-13
         999.0000     0.378590E-13
        1002.5000     0.372331E-13
        1007.5000     0.369399E-13
        1012.5000     0.375100E-13
        1017.5000     0.370128E-13
        1022.5000     0.374576E-13
        1027.5000     0.376925E-13
        1032.5000     0.369691E-13
        1037.5000     0.368449E-13
        1042.5000     0.371795E-13
        1047.5000     0.370523E-13
        1052.5000     0.371679E-13
        1057.5000     0.367145E-13
        1062.5000     0.367599E-13
        1067.5000     0.360130E-13
        1072.5000     0.361775E-13
        1077.5000     0.359085E-13
        1082.5000     0.354795E-13
        1087.5000     0.348463E-13
        1092.5000     0.342393E-13
        1097.5000     0.317022E-13
        1102.5000     0.316674E-13
        1107.5000     0.323970E-13
        1112.5000     0.324778E-13
        1117.5000     0.330465E-13
        1122.5000     0.330567E-13
        1127.5000     0.324931E-13
        1132.5000     0.328637E-13
        1137.5000     0.321019E-13
        1142.5000     0.326577E-13
        1147.5000     0.331882E-13
        1152.5000     0.332757E-13
        1157.5000     0.329746E-13
        1162.5000     0.325782E-13
        1167.5000     0.327352E-13
        1172.5000     0.334596E-13
        1177.5000     0.327617E-13
        1182.5000     0.328002E-13
        1187.5000     0.322937E-13
        1192.5000     0.331008E-13
        1197.5000     0.316231E-13
        1202.5000     0.324996E-13
        1207.5000     0.322835E-13
        1212.5000     0.324998E-13
        1217.5000     0.326081E-13
        1222.5000     0.325469E-13
        1227.5000     0.324094E-13
        1232.5000     0.321470E-13
        1237.5000     0.321503E-13
        1242.5000     0.319665E-13
        1247.5000     0.320676E-13
        1252.5000     0.318365E-13
        1257.5000     0.318866E-13
        1262.5000     0.318628E-13
        1267.5000     0.315762E-13
        1272.5000     0.316951E-13
        1277.5000     0.318347E-13
        1282.5000     0.306905E-13
        1287.5000     0.313421E-13
        1292.5000     0.307562E-13
        1297.5000     0.314410E-13
        1302.5000     0.311324E-13
        1307.5000     0.314212E-13
        1312.5000     0.308154E-13
        1317.5000     0.308688E-13
        1322.5000     0.310300E-13
        1327.5000     0.304272E-13
        1332.5000     0.309435E-13
        1337.5000     0.307554E-13
        1342.5000     0.310049E-13
        1347.5000     0.309545E-13
        1352.5000     0.309459E-13
        1357.5000     0.304586E-13
        1362.5000     0.302664E-13
        1367.5000     0.306087E-13
        1372.5000     0.308639E-13
        1377.5000     0.306604E-13
        1382.5000     0.308699E-13
        1387.5000     0.303693E-13
        1392.5000     0.293417E-13
        1397.5000     0.296911E-13
        1402.5000     0.295284E-13
        1407.5000     0.288260E-13
        1412.5000     0.277200E-13
        1417.5000     0.277345E-13
        1422.5000     0.278995E-13
        1427.5000     0.275164E-13
        1432.5000     0.282579E-13
        1437.5000     0.285250E-13
        1442.5000     0.277202E-13
        1447.5000     0.290463E-13
        1452.5000     0.278119E-13
        1457.0000     0.278027E-13
        1462.0000     0.268872E-13
        1467.5000     0.268905E-13
        1472.5000     0.268760E-13
        1477.5000     0.274576E-13
        1482.5000     0.277432E-13
        1487.5000     0.278427E-13
        1492.5000     0.284903E-13
        1497.5000     0.285737E-13
        1502.5000     0.279597E-13
        1507.5000     0.276565E-13
        1512.5000     0.276665E-13
        1517.5000     0.281664E-13
        1522.5000     0.284113E-13
        1527.5000     0.282010E-13
        1532.5000     0.287348E-13
        1537.5000     0.287670E-13
        1542.5000     0.285727E-13
        1547.5000     0.292600E-13
        1552.5000     0.285316E-13
        1557.5000     0.270935E-13
        1562.5000     0.281989E-13
        1567.5000     0.284324E-13
        1572.5000     0.288792E-13
        1577.5000     0.261569E-13
        1582.5000     0.272077E-13
        1587.5000     0.272266E-13
        1592.5000     0.282112E-13
        1597.5000     0.273145E-13
        1605.0000     0.272382E-13
        1615.0000     0.279299E-13
        1625.0000     0.269417E-13
        1635.0000     0.283898E-13
        1645.0000     0.260854E-13
        1655.0000     0.278406E-13
        1665.0000     0.256766E-13
        1675.0000     0.267634E-13
        1685.0000     0.253000E-13
        1695.0000     0.263021E-13
        1705.0000     0.252501E-13
        1715.0000     0.251779E-13
        1725.0000     0.249383E-13
        1735.0000     0.238628E-13
        1745.0000     0.243448E-13
        1755.0000     0.235334E-13
        1765.0000     0.235503E-13
        1775.0000     0.229757E-13
        1785.0000     0.227611E-13
        1795.0000     0.226805E-13
        1805.0000     0.216952E-13
        1815.0000     0.218230E-13
        1825.0000     0.211993E-13
        1835.0000     0.209461E-13
        1845.0000     0.204890E-13
        1855.0000     0.202130E-13
        1865.0000     0.197766E-13
        1875.0000     0.194464E-13
        1885.0000     0.191706E-13
        1895.0000     0.184035E-13
        1905.0000     0.187279E-13
        1915.0000     0.183135E-13
        1925.0000     0.181961E-13
        1935.0000     0.175022E-13
        1945.0000     0.171961E-13
        1955.0000     0.171108E-13
        1965.0000     0.165403E-13
        1975.0000     0.159363E-13
        1985.0000     0.158199E-13
        1995.0000     0.155222E-13
        2005.0000     0.155916E-13
        2015.0000     0.153759E-13
        2025.0000     0.148181E-13
        2035.0000     0.147099E-13
        2045.0000     0.145938E-13
        2055.0000     0.141211E-13
        2065.0000     0.138859E-13
        2075.0000     0.136723E-13
        2085.0000     0.134842E-13
        2095.0000     0.131681E-13
        2105.0000     0.131341E-13
        2115.0000     0.129460E-13
        2125.0000     0.126929E-13
        2135.0000     0.125743E-13
        2145.0000     0.122950E-13
        2155.0000     0.121399E-13
        2165.0000     0.119055E-13
        2175.0000     0.116384E-13
        2185.0000     0.115401E-13
        2195.0000     0.114233E-13
        2205.0000     0.110284E-13
        2215.0000     0.111906E-13
        2225.0000     0.107305E-13
        2235.0000     0.106385E-13
        2245.0000     0.104908E-13
        2255.0000     0.104017E-13
        2265.0000     0.101234E-13
        2275.0000     0.101604E-13
        2285.0000     0.989929E-14
        2295.0000     0.803890E-14
        2305.0000     0.884156E-14
        2315.0000     0.874391E-14
        2325.0000     0.724825E-14
        2335.0000     0.797658E-14
        2345.0000     0.753259E-14
        2355.0000     0.627403E-14
        2365.0000     0.723111E-14
        2375.0000     0.681047E-14
        2385.0000     0.590845E-14
        2395.0000     0.665380E-14
        2405.0000     0.646284E-14
        2415.0000     0.571004E-14
        2425.0000     0.629480E-14
        2435.0000     0.615923E-14
        2445.0000     0.569570E-14
        2455.0000     0.579238E-14
        2465.0000     0.603858E-14
        2475.0000     0.574916E-14
        2485.0000     0.539598E-14
        2495.0000     0.566967E-14
        2505.0000     0.579234E-14
        2515.0000     0.523471E-14
        2525.0000     0.537054E-14
        2535.0000     0.548024E-14
        2545.0000     0.542543E-14
        2555.0000     0.531264E-14
        2565.0000     0.535861E-14
        2575.0000     0.540083E-14
        2585.0000     0.504961E-14
        2595.0000     0.514443E-14
        2605.0000     0.524047E-14
        2615.0000     0.513885E-14
        2625.0000     0.500250E-14
        2635.0000     0.508320E-14
        2645.0000     0.508590E-14
        2655.0000     0.477871E-14
        2665.0000     0.477796E-14
        2675.0000     0.502064E-14
        2685.0000     0.492221E-14
        2695.0000     0.470909E-14
        2705.0000     0.484446E-14
        2715.0000     0.477247E-14
        2725.0000     0.483550E-14
        2735.0000     0.459540E-14
        2745.0000     0.466618E-14
        2755.0000     0.470554E-14
        2765.0000     0.460143E-14
        2775.0000     0.447631E-14
        2785.0000     0.451829E-14
        2795.0000     0.440512E-14
        2805.0000     0.428371E-14
        2815.0000     0.428233E-14
        2825.0000     0.431206E-14
        2835.0000     0.433888E-14
        2845.0000     0.429660E-14
        2855.0000     0.421252E-14
        2865.0000     0.418549E-14
        2875.0000     0.418423E-14
        2885.0000     0.412306E-14
        2895.0000     0.409691E-14
        2905.0000     0.403472E-14
        2915.0000     0.404089E-14
        2925.0000     0.390810E-14
        2935.0000     0.391042E-14
        2945.0000     0.379779E-14
        2955.0000     0.382915E-14
        2965.0000     0.375109E-14
        2975.0000     0.376270E-14
        2985.0000     0.373323E-14
        2995.0000     0.369553E-14
        3005.0000     0.360735E-14
        3015.0000     0.363613E-14
        3025.0000     0.358702E-14
        3035.0000     0.355302E-14
        3045.0000     0.343472E-14
        3055.0000     0.348614E-14
        3065.0000     0.343285E-14
        3075.0000     0.340043E-14
        3085.0000     0.331806E-14
        3095.0000     0.328266E-14
        3105.0000     0.329333E-14
        3115.0000     0.321103E-14
        3125.0000     0.321993E-14
        3135.0000     0.310784E-14
        3145.0000     0.312683E-14
        3155.0000     0.309742E-14
        3165.0000     0.307788E-14
        3175.0000     0.302433E-14
        3185.0000     0.298271E-14
        3195.0000     0.294719E-14
        3210.0000     0.294015E-14
        3230.0000     0.281208E-14
        3250.0000     0.279752E-14
        3270.0000     0.272400E-14
        3290.0000     0.263437E-14
        3310.0000     0.260962E-14
        3330.0000     0.252138E-14
        3350.0000     0.248966E-14
        3370.0000     0.245007E-14
        3390.0000     0.234960E-14
        3410.0000     0.232870E-14
        3430.0000     0.230325E-14
        3450.0000     0.220583E-14
        3470.0000     0.219479E-14
        3490.0000     0.215713E-14
        3510.0000     0.208288E-14
        3530.0000     0.204244E-14
        3550.0000     0.202405E-14
        3570.0000     0.195185E-14
        3590.0000     0.191679E-14
        3610.0000     0.190736E-14
        3630.0000     0.184281E-14
        3650.0000     0.180973E-14
        3670.0000     0.177584E-14
        3690.0000     0.173273E-14
        3710.0000     0.167932E-14
        3730.0000     0.166411E-14
        3750.0000     0.163279E-14
        3770.0000     0.158722E-14
        3790.0000     0.157717E-14
        3810.0000     0.153823E-14
        3830.0000     0.151307E-14
        3850.0000     0.148447E-14
        3870.0000     0.145894E-14
        3890.0000     0.142373E-14
        3910.0000     0.140043E-14
        3930.0000     0.137381E-14
        3950.0000     0.135135E-14
        3970.0000     0.132440E-14
        3990.0000     0.127266E-14
        4010.0000     0.122665E-14
        4030.0000     0.122748E-14
        4050.0000     0.114020E-14
        4070.0000     0.115457E-14
        4090.0000     0.108641E-14
        4110.0000     0.110953E-14
        4130.0000     0.104189E-14
        4150.0000     0.105978E-14
        4170.0000     0.999750E-15
        4190.0000     0.101750E-14
        4210.0000     0.970795E-15
        4230.0000     0.973730E-15
        4250.0000     0.942535E-15
        4270.0000     0.936562E-15
        4290.0000     0.871452E-15
        4310.0000     0.812766E-15
        4330.0000     0.848072E-15
        4350.0000     0.770158E-15
        4370.0000     0.756205E-15
        4390.0000     0.730749E-15
        4410.0000     0.663676E-15
        4430.0000     0.675164E-15
        4450.0000     0.640097E-15
        4470.0000     0.607163E-15
        4490.0000     0.623044E-15
        4510.0000     0.596723E-15
        4530.0000     0.564962E-15
        4550.0000     0.585075E-15
        4570.0000     0.568503E-15
        4590.0000     0.531837E-15
        4610.0000     0.554805E-15
        4630.0000     0.531263E-15
        4650.0000     0.530245E-15
        4670.0000     0.528435E-15
        4690.0000     0.516015E-15
        4710.0000     0.504650E-15
        4730.0000     0.514943E-15
        4750.0000     0.499751E-15
        4770.0000     0.495822E-15
        4790.0000     0.487600E-15
        4810.0000     0.474366E-15
        4830.0000     0.485878E-15
        4850.0000     0.477402E-15
        4870.0000     0.460327E-15
        4890.0000     0.462255E-15
        4910.0000     0.454367E-15
        4930.0000     0.447694E-15
        4950.0000     0.437205E-15
        4970.0000     0.444548E-15
        4990.0000     0.433762E-15
        5010.0000     0.420158E-15
        5030.0000     0.430372E-15
        5050.0000     0.416157E-15
        5070.0000     0.414221E-15
        5090.0000     0.409346E-15
        5110.0000     0.402261E-15
        5130.0000     0.396220E-15
        5150.0000     0.392210E-15
        5170.0000     0.394268E-15
        5190.0000     0.388250E-15
        5210.0000     0.380124E-15
        5230.0000     0.377713E-15
        5250.0000     0.376647E-15
        5270.0000     0.383171E-15
        5290.0000     0.363103E-15
        5310.0000     0.359082E-15
        5330.0000     0.357741E-15
        5350.0000     0.354268E-15
        5370.0000     0.351634E-15
        5390.0000     0.347777E-15
        5410.0000     0.345210E-15
        5430.0000     0.337021E-15
        5450.0000     0.340806E-15
        5470.0000     0.329550E-15
        5490.0000     0.331919E-15
        5510.0000     0.322134E-15
        5530.0000     0.331393E-15
        5550.0000     0.318191E-15
        5570.0000     0.320478E-15
        5590.0000     0.314021E-15
        5610.0000     0.316046E-15
        5630.0000     0.305648E-15
        5650.0000     0.307507E-15
        5670.0000     0.303018E-15
        5690.0000     0.294149E-15
        5710.0000     0.297143E-15
        5730.0000     0.295189E-15
        5750.0000     0.290185E-15
        5770.0000     0.287142E-15
        5790.0000     0.287161E-15
        5810.0000     0.282748E-15
        5830.0000     0.279572E-15
        5850.0000     0.276992E-15
        5870.0000     0.271217E-15
        5890.0000     0.269599E-15
        5910.0000     0.266955E-15
        5930.0000     0.265321E-15
        5950.0000     0.260295E-15
        5970.0000     0.260273E-15
        5990.0000     0.257791E-15
        6010.0000     0.254805E-15
        6030.0000     0.251485E-15
        6050.0000     0.247105E-15
        6070.0000     0.245219E-15
        6090.0000     0.241804E-15
        6110.0000     0.238890E-15
        6130.0000     0.237537E-15
        6150.0000     0.235944E-15
        6170.0000     0.235021E-15
        6190.0000     0.231555E-15
        6210.0000     0.230116E-15
        6230.0000     0.226371E-15
        6250.0000     0.222522E-15
        6270.0000     0.220667E-15
        6290.0000     0.218636E-15
        6310.0000     0.216002E-15
        6330.0000     0.214974E-15
        6350.0000     0.211342E-15
        6370.0000     0.211433E-15
        6390.0000     0.207157E-15
        6420.0000     0.204714E-15
        6460.0000     0.199479E-15
        6500.0000     0.195491E-15
        6540.0000     0.191047E-15
        6580.0000     0.187449E-15
        6620.0000     0.182700E-15
        6660.0000     0.179475E-15
        6700.0000     0.175675E-15
        6740.0000     0.171488E-15
        6780.0000     0.168013E-15
        6820.0000     0.164277E-15
        6860.0000     0.161268E-15
        6900.0000     0.157514E-15
        6940.0000     0.154113E-15
        6980.0000     0.151172E-15
        7020.0000     0.147745E-15
        7060.0000     0.144807E-15
        7100.0000     0.141661E-15
        7140.0000     0.138876E-15
        7180.0000     0.135847E-15
        7220.0000     0.133060E-15
        7260.0000     0.130253E-15
        7300.0000     0.127644E-15
        7340.0000     0.124870E-15
        7380.0000     0.122430E-15
        7420.0000     0.119653E-15
        7460.0000     0.117203E-15
        7500.0000     0.115003E-15
        7540.0000     0.110890E-15
        7580.0000     0.105456E-15
        7620.0000     0.101153E-15
        7660.0000     0.969332E-16
        7700.0000     0.939907E-16
        7740.0000     0.901448E-16
        7780.0000     0.870372E-16
        7820.0000     0.846459E-16
        7860.0000     0.815547E-16
        7900.0000     0.804548E-16
        7940.0000     0.772465E-16
        7980.0000     0.762936E-16
        8020.0000     0.747902E-16
        8060.0000     0.729590E-16
        8100.0000     0.717440E-16
        8140.0000     0.710984E-16
        8180.0000     0.693172E-16
        8220.0000     0.686442E-16
        8260.0000     0.676161E-16
        8300.0000     0.660764E-16
        8340.0000     0.656644E-16
        8380.0000     0.643300E-16
        8420.0000     0.632070E-16
        8460.0000     0.620756E-16
        8500.0000     0.618903E-16
        8540.0000     0.602878E-16
        8580.0000     0.592848E-16
        8620.0000     0.586328E-16
        8660.0000     0.570965E-16
        8700.0000     0.568257E-16
        8740.0000     0.561563E-16
        8780.0000     0.547763E-16
        8820.0000     0.537637E-16
        8860.0000     0.529378E-16
        8900.0000     0.522696E-16
        8940.0000     0.515873E-16
        8980.0000     0.505350E-16
        9020.0000     0.500643E-16
        9060.0000     0.496698E-16
        9100.0000     0.485635E-16
        9140.0000     0.476121E-16
        9180.0000     0.472208E-16
        9220.0000     0.458884E-16
        9260.0000     0.459171E-16
        9300.0000     0.451687E-16
        9340.0000     0.445192E-16
        9380.0000     0.433786E-16
        9420.0000     0.430541E-16
        9460.0000     0.422628E-16
        9500.0000     0.421198E-16
        9540.0000     0.414728E-16
        9580.0000     0.407099E-16
        9620.0000     0.402893E-16
        9660.0000     0.395664E-16
        9700.0000     0.393425E-16
        9740.0000     0.385355E-16
        9780.0000     0.380808E-16
        9820.0000     0.375726E-16
        9860.0000     0.371699E-16
        9900.0000     0.366161E-16
        9940.0000     0.358763E-16
        9980.0000     0.356469E-16
       10020.0000     0.350959E-16
       20000.0000     0.232292E-17
       40000.0000     0.147816E-18
       60000.0000     0.292041E-19
       80000.0000     0.921305E-20
      100000.0000     0.375919E-20
      120000.0000     0.180597E-20
      140000.0000     0.970701E-21
      160000.0000     0.566951E-21
