#FILENAME  G   BP   RP  V  g  r
# FT4125G300M175K200A040.DAT     6.55953    7.21440    5.77631    7.02242    7.65148    6.60946
           9.0900     0.000000E+00
           9.3500     0.000000E+00
           9.6100     0.000000E+00
           9.7700     0.000000E+00
           9.9600     0.000000E+00
          10.2000     0.000000E+00
          10.3800     0.000000E+00
          10.5600     0.000000E+00
          10.7700     0.000000E+00
          11.0400     0.000000E+00
          11.4000     0.000000E+00
          11.7800     0.000000E+00
          12.1300     0.000000E+00
          12.4800     0.000000E+00
          12.7100     0.000000E+00
          12.8400     0.000000E+00
          13.0500     0.000000E+00
          13.2400     0.000000E+00
          13.3900     0.000000E+00
          13.6600     0.000000E+00
          13.9800     0.000000E+00
          14.3300     0.000000E+00
          14.7200     0.000000E+00
          15.1000     0.000000E+00
          15.5200     0.000000E+00
          15.8800     0.000000E+00
          16.2000     0.000000E+00
          16.6000     0.000000E+00
          17.0300     0.000000E+00
          17.3400     0.000000E+00
          17.6800     0.000000E+00
          18.0200     0.000000E+00
          18.1700     0.000000E+00
          18.6100     0.000000E+00
          19.1000     0.000000E+00
          19.3900     0.000000E+00
          19.8400     0.000000E+00
          20.1800     0.000000E+00
          20.5000     0.000000E+00
          21.0500     0.000000E+00
          21.6200     0.000000E+00
          21.9800     0.000000E+00
          22.3000     0.000000E+00
          22.6800     0.000000E+00
          23.0000     0.000000E+00
          23.4000     0.000000E+00
          24.0000     0.000000E+00
          24.6500     0.000000E+00
          25.2400     0.000000E+00
          25.6800     0.000000E+00
          26.0000     0.000000E+00
          26.4000     0.000000E+00
          26.8500     0.000000E+00
          27.3500     0.000000E+00
          27.8500     0.000000E+00
          28.4000     0.000000E+00
          29.0000     0.000000E+00
          29.6000     0.000000E+00
          30.1000     0.000000E+00
          30.8000     0.000000E+00
          31.8000     0.000000E+00
          32.8000     0.000000E+00
          33.8000     0.000000E+00
          34.8000     0.000000E+00
          35.7000     0.000000E+00
          36.6000     0.000000E+00
          37.5000     0.000000E+00
          38.5000     0.000000E+00
          39.5000     0.000000E+00
          40.5000     0.000000E+00
          41.4000     0.000000E+00
          42.2000     0.000000E+00
          43.0000     0.000000E+00
          44.1000     0.000000E+00
          45.1000     0.000000E+00
          46.0000     0.000000E+00
          47.0000     0.000000E+00
          48.0000     0.000000E+00
          49.0000     0.000000E+00
          50.0000     0.000000E+00
          50.6000     0.000000E+00
          51.2000     0.000000E+00
          52.0000     0.000000E+00
          53.0000     0.000000E+00
          54.0000     0.000000E+00
          55.0000     0.000000E+00
          56.0000     0.000000E+00
          57.0000     0.000000E+00
          58.0000     0.000000E+00
          59.0000     0.000000E+00
          60.0000     0.000000E+00
          61.0000     0.000000E+00
          62.0000     0.000000E+00
          63.0000     0.000000E+00
          64.0000     0.000000E+00
          65.0000     0.000000E+00
          65.8000     0.000000E+00
          66.5000     0.000000E+00
          67.5000     0.000000E+00
          68.5000     0.000000E+00
          69.5000     0.000000E+00
          70.5000     0.000000E+00
          71.6000     0.000000E+00
          72.6000     0.000000E+00
          73.5000     0.000000E+00
          74.5000     0.000000E+00
          75.5000     0.000000E+00
          76.5000     0.000000E+00
          77.5000     0.000000E+00
          78.5000     0.000000E+00
          79.5000     0.000000E+00
          80.5000     0.000000E+00
          81.5000     0.000000E+00
          82.5000     0.000000E+00
          83.5000     0.000000E+00
          84.5000     0.000000E+00
          85.5000     0.000000E+00
          86.5000     0.000000E+00
          87.5000     0.000000E+00
          88.5000     0.000000E+00
          89.5000     0.000000E+00
          90.5000     0.000000E+00
          91.5000     0.150439E-33
          92.5000     0.123278E-32
          93.5000     0.136624E-32
          94.5000     0.270197E-32
          95.5000     0.176001E-32
          96.5000     0.508972E-32
          97.5000     0.276186E-32
          98.5000     0.972092E-32
          99.5000     0.195366E-31
         100.5000     0.183515E-31
         101.5000     0.191832E-31
         102.5000     0.306039E-31
         103.5000     0.823232E-31
         104.5000     0.150778E-30
         105.5000     0.183755E-30
         106.5000     0.551261E-30
         107.5000     0.751343E-30
         108.5000     0.214402E-29
         109.5000     0.352650E-29
         110.5000     0.410913E-29
         111.5000     0.674526E-29
         112.5000     0.164928E-28
         113.5000     0.287500E-28
         114.5000     0.459246E-28
         115.5000     0.643544E-28
         116.5000     0.703093E-28
         117.5000     0.105098E-27
         118.5000     0.128820E-27
         119.5000     0.644230E-28
         120.5000     0.532557E-28
         121.5000     0.313284E-28
         122.5000     0.104121E-27
         123.5000     0.265176E-27
         124.5000     0.852479E-27
         125.5000     0.169857E-26
         126.5000     0.305882E-26
         127.5000     0.454009E-26
         128.5000     0.653291E-26
         129.5000     0.812473E-26
         130.5000     0.136737E-25
         131.5000     0.173426E-25
         132.5000     0.227430E-25
         133.5000     0.276579E-25
         134.5000     0.364050E-25
         135.5000     0.511604E-25
         136.5000     0.616371E-25
         137.5000     0.752081E-25
         138.5000     0.926749E-25
         139.5000     0.112774E-24
         140.5000     0.155897E-24
         141.5000     0.207549E-24
         142.5000     0.245292E-24
         143.5000     0.322049E-24
         144.2000     0.449062E-24
         144.7000     0.410569E-24
         145.5000     0.518596E-24
         146.5000     0.674648E-24
         147.5000     0.744927E-24
         148.5000     0.943084E-24
         149.5000     0.137948E-23
         150.5000     0.184652E-23
         151.2000     0.143073E-23
         151.7000     0.208870E-23
         152.5000     0.414604E-23
         153.5000     0.254797E-22
         154.5000     0.203694E-22
         155.5000     0.347203E-22
         156.5000     0.315414E-22
         157.5000     0.561932E-22
         158.5000     0.556922E-22
         159.5000     0.529110E-22
         160.5000     0.555841E-22
         161.5000     0.587159E-22
         162.5000     0.583508E-22
         163.5000     0.881853E-22
         164.5000     0.141396E-21
         165.5000     0.104455E-21
         166.5000     0.212901E-21
         167.2000     0.163102E-21
         167.7000     0.300634E-21
         168.5000     0.494129E-21
         169.5000     0.805195E-21
         170.5000     0.103754E-20
         171.5000     0.124034E-20
         172.5000     0.188180E-20
         173.5000     0.226923E-20
         174.5000     0.343506E-20
         175.5000     0.343644E-20
         176.5000     0.551843E-20
         177.5000     0.395875E-20
         178.5000     0.103437E-19
         179.5000     0.736404E-20
         180.5000     0.164169E-19
         181.5000     0.974885E-20
         182.5000     0.186119E-19
         183.5000     0.153897E-19
         184.5000     0.237238E-19
         185.5000     0.150986E-19
         186.5000     0.378520E-19
         187.5000     0.325141E-19
         188.5000     0.451373E-19
         189.5000     0.577542E-19
         190.5000     0.605267E-19
         191.5000     0.998966E-19
         192.5000     0.801021E-19
         193.5000     0.779465E-19
         194.5000     0.120327E-18
         195.5000     0.183985E-18
         196.7000     0.192735E-18
         197.6000     0.231936E-18
         198.4000     0.323528E-18
         199.5000     0.272335E-18
         200.5000     0.333888E-18
         201.5000     0.372701E-18
         202.5000     0.309299E-18
         203.5000     0.433850E-18
         204.5000     0.429709E-18
         205.5000     0.559130E-18
         206.5000     0.476934E-18
         207.4000     0.429841E-18
         207.8000     0.604918E-18
         208.5000     0.650642E-18
         209.5000     0.721674E-18
         210.5000     0.666429E-18
         211.5000     0.615190E-18
         212.5000     0.626801E-18
         213.5000     0.970487E-18
         214.5000     0.697162E-18
         215.5000     0.910083E-18
         216.5000     0.867785E-18
         217.5000     0.951716E-18
         218.5000     0.848763E-18
         219.5000     0.157199E-17
         220.5000     0.121589E-17
         221.5000     0.146801E-17
         222.5000     0.128387E-17
         223.5000     0.234699E-17
         224.5000     0.265366E-17
         225.5000     0.319206E-17
         226.5000     0.158645E-17
         227.5000     0.331194E-17
         228.5000     0.324634E-17
         229.5000     0.523201E-17
         230.5000     0.177552E-17
         231.5000     0.690722E-17
         232.5000     0.510141E-17
         233.5000     0.830675E-17
         234.5000     0.481626E-17
         235.5000     0.399508E-17
         236.5000     0.563561E-17
         237.5000     0.542190E-17
         238.5000     0.917746E-17
         239.5000     0.878048E-17
         240.5000     0.157995E-16
         241.5000     0.923653E-17
         242.5000     0.131465E-16
         243.5000     0.191721E-16
         244.5000     0.268672E-16
         245.5000     0.303187E-16
         246.5000     0.180748E-16
         247.5000     0.302996E-16
         248.5000     0.107826E-16
         249.5000     0.125268E-16
         250.5000     0.250554E-16
         251.3000     0.160597E-16
         251.8000     0.150566E-16
         252.5000     0.189170E-16
         253.5000     0.419883E-16
         254.5000     0.594875E-16
         255.5000     0.101471E-15
         256.5000     0.517524E-16
         257.5000     0.111454E-15
         258.5000     0.720473E-16
         259.5000     0.850011E-16
         260.5000     0.104076E-15
         261.5000     0.809334E-16
         262.5000     0.140709E-15
         263.5000     0.365726E-15
         264.5000     0.350100E-15
         265.5000     0.627018E-15
         266.5000     0.447058E-15
         267.5000     0.333995E-15
         268.5000     0.457689E-15
         269.5000     0.231421E-15
         270.5000     0.504598E-15
         271.5000     0.324746E-15
         272.5000     0.209358E-15
         273.5000     0.285452E-15
         274.5000     0.296084E-15
         275.5000     0.350455E-15
         276.5000     0.488197E-15
         277.5000     0.483939E-15
         278.5000     0.224878E-15
         279.5000     0.159781E-15
         280.5000     0.185003E-15
         281.5000     0.279608E-15
         282.5000     0.288910E-15
         283.5000     0.224902E-15
         284.5000     0.155444E-15
         285.5000     0.715164E-16
         286.5000     0.228966E-15
         287.5000     0.291691E-15
         288.5000     0.461084E-15
         289.5000     0.750605E-15
         291.0000     0.132250E-14
         293.0000     0.157843E-14
         295.0000     0.147612E-14
         297.0000     0.132757E-14
         299.0000     0.172007E-14
         301.0000     0.170469E-14
         303.0000     0.216097E-14
         305.0000     0.246827E-14
         307.0000     0.232243E-14
         309.0000     0.187990E-14
         311.0000     0.302931E-14
         313.0000     0.259978E-14
         315.0000     0.318639E-14
         317.0000     0.446315E-14
         319.0000     0.399335E-14
         321.0000     0.445112E-14
         323.0000     0.436679E-14
         325.0000     0.719595E-14
         327.0000     0.894031E-14
         329.0000     0.970240E-14
         331.0000     0.815922E-14
         333.0000     0.814785E-14
         335.0000     0.716352E-14
         337.0000     0.407390E-14
         339.0000     0.571402E-14
         341.0000     0.679178E-14
         343.0000     0.880771E-14
         345.0000     0.841467E-14
         347.0000     0.908135E-14
         349.0000     0.112856E-13
         351.0000     0.143190E-13
         353.0000     0.132367E-13
         355.0000     0.178092E-13
         357.0000     0.114046E-13
         359.0000     0.110104E-13
         361.0000     0.142744E-13
         363.0000     0.154342E-13
         364.0000     0.155808E-13
         365.0000     0.178098E-13
         367.0000     0.209148E-13
         369.0000     0.184806E-13
         371.0000     0.175584E-13
         373.0000     0.879955E-14
         375.0000     0.113288E-13
         377.0000     0.195775E-13
         379.0000     0.208646E-13
         381.0000     0.202239E-13
         383.0000     0.875336E-14
         385.0000     0.163692E-13
         387.0000     0.160215E-13
         389.0000     0.168190E-13
         391.0000     0.189772E-13
         393.0000     0.684799E-14
         395.0000     0.159191E-13
         397.0000     0.100387E-13
         399.0000     0.268125E-13
         401.0000     0.317739E-13
         403.0000     0.287119E-13
         405.0000     0.297367E-13
         407.0000     0.286359E-13
         409.0000     0.321801E-13
         411.0000     0.231157E-13
         413.0000     0.268107E-13
         415.0000     0.238287E-13
         417.0000     0.237108E-13
         419.0000     0.258302E-13
         421.0000     0.253044E-13
         423.0000     0.237707E-13
         425.0000     0.276611E-13
         427.0000     0.259217E-13
         429.0000     0.251603E-13
         431.0000     0.238345E-13
         433.0000     0.347686E-13
         435.0000     0.353605E-13
         437.0000     0.362609E-13
         439.0000     0.336359E-13
         441.0000     0.365022E-13
         443.0000     0.401156E-13
         445.0000     0.400943E-13
         447.0000     0.432921E-13
         449.0000     0.453675E-13
         451.0000     0.488074E-13
         453.0000     0.441499E-13
         455.0000     0.472500E-13
         457.0000     0.490655E-13
         459.0000     0.489206E-13
         461.0000     0.502902E-13
         463.0000     0.509734E-13
         465.0000     0.501196E-13
         467.0000     0.527821E-13
         469.0000     0.520369E-13
         471.0000     0.506204E-13
         473.0000     0.512632E-13
         475.0000     0.508494E-13
         477.0000     0.482187E-13
         479.0000     0.494611E-13
         481.0000     0.537190E-13
         483.0000     0.531191E-13
         485.0000     0.541473E-13
         487.0000     0.526457E-13
         489.0000     0.539939E-13
         491.0000     0.542222E-13
         493.0000     0.521994E-13
         495.0000     0.524584E-13
         497.0000     0.526185E-13
         499.0000     0.489751E-13
         501.0000     0.453042E-13
         503.0000     0.470261E-13
         505.0000     0.445067E-13
         507.0000     0.437763E-13
         509.0000     0.422356E-13
         511.0000     0.419349E-13
         513.0000     0.404225E-13
         515.0000     0.383762E-13
         517.0000     0.364679E-13
         519.0000     0.405739E-13
         521.0000     0.447147E-13
         523.0000     0.571785E-13
         525.0000     0.591268E-13
         527.0000     0.541418E-13
         529.0000     0.596047E-13
         531.0000     0.623554E-13
         533.0000     0.578640E-13
         535.0000     0.609983E-13
         537.0000     0.607440E-13
         539.0000     0.599645E-13
         541.0000     0.598426E-13
         543.0000     0.595389E-13
         545.0000     0.605856E-13
         547.0000     0.616731E-13
         549.0000     0.621840E-13
         551.0000     0.610395E-13
         553.0000     0.634355E-13
         555.0000     0.642226E-13
         557.0000     0.628981E-13
         559.0000     0.617134E-13
         561.0000     0.632821E-13
         563.0000     0.651291E-13
         565.0000     0.659287E-13
         567.0000     0.648687E-13
         569.0000     0.659514E-13
         571.0000     0.640805E-13
         573.0000     0.666086E-13
         575.0000     0.665515E-13
         577.0000     0.668962E-13
         579.0000     0.661492E-13
         581.0000     0.668860E-13
         583.0000     0.675547E-13
         585.0000     0.667019E-13
         587.0000     0.668595E-13
         589.0000     0.606653E-13
         591.0000     0.668347E-13
         593.0000     0.669837E-13
         595.0000     0.669669E-13
         597.0000     0.675936E-13
         599.0000     0.676233E-13
         601.0000     0.671740E-13
         603.0000     0.676771E-13
         605.0000     0.682768E-13
         607.0000     0.677237E-13
         609.0000     0.674345E-13
         611.0000     0.674554E-13
         613.0000     0.653342E-13
         615.0000     0.673909E-13
         617.0000     0.646407E-13
         619.0000     0.676223E-13
         621.0000     0.675350E-13
         623.0000     0.669048E-13
         625.0000     0.657419E-13
         627.0000     0.671255E-13
         629.0000     0.676190E-13
         631.0000     0.671429E-13
         633.0000     0.675318E-13
         635.0000     0.682469E-13
         637.0000     0.682910E-13
         639.0000     0.682393E-13
         641.0000     0.674413E-13
         643.0000     0.677635E-13
         645.0000     0.672519E-13
         647.0000     0.671570E-13
         649.0000     0.666527E-13
         651.0000     0.680513E-13
         653.0000     0.688028E-13
         655.0000     0.678922E-13
         657.0000     0.668140E-13
         659.0000     0.680848E-13
         661.0000     0.683308E-13
         663.0000     0.686598E-13
         665.0000     0.684640E-13
         667.0000     0.679679E-13
         669.0000     0.688030E-13
         671.0000     0.680107E-13
         673.0000     0.687909E-13
         675.0000     0.680056E-13
         677.0000     0.684400E-13
         679.0000     0.684943E-13
         681.0000     0.683404E-13
         683.0000     0.686796E-13
         685.0000     0.682792E-13
         687.0000     0.680851E-13
         689.0000     0.684568E-13
         691.0000     0.683018E-13
         693.0000     0.682271E-13
         695.0000     0.679540E-13
         697.0000     0.682741E-13
         699.0000     0.678839E-13
         701.0000     0.677699E-13
         703.0000     0.679661E-13
         705.0000     0.680434E-13
         707.0000     0.676973E-13
         709.0000     0.676968E-13
         711.0000     0.677332E-13
         713.0000     0.673538E-13
         715.0000     0.667153E-13
         717.0000     0.674984E-13
         719.0000     0.666418E-13
         721.0000     0.663831E-13
         723.0000     0.673719E-13
         725.0000     0.668185E-13
         727.0000     0.672847E-13
         729.0000     0.670602E-13
         731.0000     0.670880E-13
         733.0000     0.666154E-13
         735.0000     0.665015E-13
         737.0000     0.669872E-13
         739.0000     0.666602E-13
         741.0000     0.661962E-13
         743.0000     0.664994E-13
         745.0000     0.664189E-13
         747.0000     0.664755E-13
         749.0000     0.663258E-13
         751.0000     0.663805E-13
         753.0000     0.665012E-13
         755.0000     0.664853E-13
         757.0000     0.663683E-13
         759.0000     0.660855E-13
         761.0000     0.661685E-13
         763.0000     0.661510E-13
         765.0000     0.660346E-13
         767.0000     0.649420E-13
         769.0000     0.658676E-13
         771.0000     0.652041E-13
         773.0000     0.655402E-13
         775.0000     0.651067E-13
         777.0000     0.656601E-13
         779.0000     0.654181E-13
         781.0000     0.654916E-13
         783.0000     0.651575E-13
         785.0000     0.650745E-13
         787.0000     0.652389E-13
         789.0000     0.650931E-13
         791.0000     0.647644E-13
         793.0000     0.645295E-13
         795.0000     0.642052E-13
         797.0000     0.647275E-13
         799.0000     0.645239E-13
         801.0000     0.642916E-13
         803.0000     0.642687E-13
         805.0000     0.638316E-13
         807.0000     0.639861E-13
         809.0000     0.638164E-13
         811.0000     0.639096E-13
         813.0000     0.639433E-13
         815.0000     0.638316E-13
         817.0000     0.636916E-13
         819.0000     0.627243E-13
         821.0000     0.629589E-13
         823.0000     0.629925E-13
         825.0000     0.631095E-13
         827.0000     0.632246E-13
         829.0000     0.630593E-13
         831.0000     0.626452E-13
         833.0000     0.619031E-13
         835.0000     0.624584E-13
         837.0000     0.621876E-13
         839.0000     0.602864E-13
         841.0000     0.619495E-13
         843.0000     0.606588E-13
         845.0000     0.620080E-13
         847.0000     0.614753E-13
         849.0000     0.612126E-13
         851.0000     0.591006E-13
         853.0000     0.609557E-13
         855.0000     0.546980E-13
         857.0000     0.614570E-13
         859.0000     0.611971E-13
         861.0000     0.609906E-13
         863.0000     0.610425E-13
         865.0000     0.607606E-13
         867.0000     0.548249E-13
         869.0000     0.593657E-13
         871.0000     0.606332E-13
         873.0000     0.604562E-13
         875.0000     0.601801E-13
         877.0000     0.603043E-13
         879.0000     0.602037E-13
         881.0000     0.590671E-13
         883.0000     0.593156E-13
         885.0000     0.596836E-13
         887.0000     0.595121E-13
         889.0000     0.597535E-13
         891.0000     0.596785E-13
         893.0000     0.593874E-13
         895.0000     0.590745E-13
         897.0000     0.591684E-13
         899.0000     0.591187E-13
         901.0000     0.580545E-13
         903.0000     0.587370E-13
         905.0000     0.588518E-13
         907.0000     0.587322E-13
         909.0000     0.578714E-13
         911.0000     0.581945E-13
         913.0000     0.581925E-13
         915.0000     0.581214E-13
         917.0000     0.579820E-13
         919.0000     0.579567E-13
         921.0000     0.576375E-13
         923.0000     0.576577E-13
         925.0000     0.572296E-13
         927.0000     0.573841E-13
         929.0000     0.571816E-13
         931.0000     0.572676E-13
         933.0000     0.571324E-13
         935.0000     0.569758E-13
         937.0000     0.565366E-13
         939.0000     0.567738E-13
         941.0000     0.562516E-13
         943.0000     0.565085E-13
         945.0000     0.561624E-13
         947.0000     0.563098E-13
         949.0000     0.562215E-13
         951.0000     0.560912E-13
         953.0000     0.559403E-13
         955.0000     0.554963E-13
         957.0000     0.555782E-13
         959.0000     0.556382E-13
         961.0000     0.551787E-13
         963.0000     0.553628E-13
         965.0000     0.542698E-13
         967.0000     0.544142E-13
         969.0000     0.547405E-13
         971.0000     0.544136E-13
         973.0000     0.541902E-13
         975.0000     0.541897E-13
         977.0000     0.542890E-13
         979.0000     0.535080E-13
         981.0000     0.543447E-13
         983.0000     0.541634E-13
         985.0000     0.541411E-13
         987.0000     0.539612E-13
         989.0000     0.538606E-13
         991.0000     0.537605E-13
         993.0000     0.536606E-13
         995.0000     0.535419E-13
         997.0000     0.534429E-13
         999.0000     0.533442E-13
        1002.5000     0.530677E-13
        1007.5000     0.527686E-13
        1012.5000     0.525103E-13
        1017.5000     0.521434E-13
        1022.5000     0.519278E-13
        1027.5000     0.516957E-13
        1032.5000     0.511603E-13
        1037.5000     0.508819E-13
        1042.5000     0.508707E-13
        1047.5000     0.504386E-13
        1052.5000     0.503236E-13
        1057.5000     0.498317E-13
        1062.5000     0.496522E-13
        1067.5000     0.492218E-13
        1072.5000     0.490802E-13
        1077.5000     0.487247E-13
        1082.5000     0.482266E-13
        1087.5000     0.482052E-13
        1092.5000     0.481340E-13
        1097.5000     0.476487E-13
        1102.5000     0.475326E-13
        1107.5000     0.473386E-13
        1112.5000     0.470687E-13
        1117.5000     0.467712E-13
        1122.5000     0.466290E-13
        1127.5000     0.461410E-13
        1132.5000     0.460779E-13
        1137.5000     0.457033E-13
        1142.5000     0.453042E-13
        1147.5000     0.454338E-13
        1152.5000     0.452423E-13
        1157.5000     0.448951E-13
        1162.5000     0.443397E-13
        1167.5000     0.443261E-13
        1172.5000     0.443528E-13
        1177.5000     0.438802E-13
        1182.5000     0.435099E-13
        1187.5000     0.431986E-13
        1192.5000     0.434835E-13
        1197.5000     0.425069E-13
        1202.5000     0.428428E-13
        1207.5000     0.425544E-13
        1212.5000     0.425819E-13
        1217.5000     0.424525E-13
        1222.5000     0.422469E-13
        1227.5000     0.419924E-13
        1232.5000     0.418541E-13
        1237.5000     0.416416E-13
        1242.5000     0.414560E-13
        1247.5000     0.412843E-13
        1252.5000     0.410896E-13
        1257.5000     0.409209E-13
        1262.5000     0.407176E-13
        1267.5000     0.405520E-13
        1272.5000     0.403995E-13
        1277.5000     0.402364E-13
        1282.5000     0.397486E-13
        1287.5000     0.398217E-13
        1292.5000     0.395486E-13
        1297.5000     0.395743E-13
        1302.5000     0.394178E-13
        1307.5000     0.392849E-13
        1312.5000     0.389195E-13
        1317.5000     0.388232E-13
        1322.5000     0.388368E-13
        1327.5000     0.385013E-13
        1332.5000     0.383963E-13
        1337.5000     0.383345E-13
        1342.5000     0.381983E-13
        1347.5000     0.381157E-13
        1352.5000     0.379705E-13
        1357.5000     0.377848E-13
        1362.5000     0.374977E-13
        1367.5000     0.376132E-13
        1372.5000     0.375429E-13
        1377.5000     0.374122E-13
        1382.5000     0.373324E-13
        1387.5000     0.370340E-13
        1392.5000     0.360377E-13
        1397.5000     0.364274E-13
        1402.5000     0.364018E-13
        1407.5000     0.365690E-13
        1412.5000     0.364257E-13
        1417.5000     0.364361E-13
        1422.5000     0.363223E-13
        1427.5000     0.361341E-13
        1432.5000     0.361716E-13
        1437.5000     0.360965E-13
        1442.5000     0.359940E-13
        1447.5000     0.360382E-13
        1452.5000     0.358450E-13
        1457.0000     0.357682E-13
        1462.0000     0.350581E-13
        1467.5000     0.351604E-13
        1472.5000     0.353636E-13
        1477.5000     0.352738E-13
        1482.5000     0.353761E-13
        1487.5000     0.348098E-13
        1492.5000     0.354023E-13
        1497.5000     0.355335E-13
        1502.5000     0.342709E-13
        1507.5000     0.348445E-13
        1512.5000     0.351000E-13
        1517.5000     0.352184E-13
        1522.5000     0.352270E-13
        1527.5000     0.347670E-13
        1532.5000     0.351194E-13
        1537.5000     0.346321E-13
        1542.5000     0.343194E-13
        1547.5000     0.350496E-13
        1552.5000     0.345779E-13
        1557.5000     0.345142E-13
        1562.5000     0.348506E-13
        1567.5000     0.347689E-13
        1572.5000     0.343158E-13
        1577.5000     0.339062E-13
        1582.5000     0.346023E-13
        1587.5000     0.338755E-13
        1592.5000     0.343654E-13
        1597.5000     0.344283E-13
        1605.0000     0.339734E-13
        1615.0000     0.339578E-13
        1625.0000     0.333236E-13
        1635.0000     0.331035E-13
        1645.0000     0.325324E-13
        1655.0000     0.321964E-13
        1665.0000     0.315414E-13
        1675.0000     0.308110E-13
        1685.0000     0.302912E-13
        1695.0000     0.298549E-13
        1705.0000     0.292356E-13
        1715.0000     0.283748E-13
        1725.0000     0.280725E-13
        1735.0000     0.273363E-13
        1745.0000     0.270742E-13
        1755.0000     0.264557E-13
        1765.0000     0.259908E-13
        1775.0000     0.255589E-13
        1785.0000     0.249668E-13
        1795.0000     0.247073E-13
        1805.0000     0.239993E-13
        1815.0000     0.236716E-13
        1825.0000     0.230852E-13
        1835.0000     0.228911E-13
        1845.0000     0.223061E-13
        1855.0000     0.218882E-13
        1865.0000     0.216045E-13
        1875.0000     0.209607E-13
        1885.0000     0.207874E-13
        1895.0000     0.204033E-13
        1905.0000     0.200947E-13
        1915.0000     0.197652E-13
        1925.0000     0.195036E-13
        1935.0000     0.189598E-13
        1945.0000     0.185831E-13
        1955.0000     0.183885E-13
        1965.0000     0.181175E-13
        1975.0000     0.176399E-13
        1985.0000     0.174043E-13
        1995.0000     0.171244E-13
        2005.0000     0.169540E-13
        2015.0000     0.166541E-13
        2025.0000     0.163359E-13
        2035.0000     0.160833E-13
        2045.0000     0.158668E-13
        2055.0000     0.155450E-13
        2065.0000     0.152646E-13
        2075.0000     0.150867E-13
        2085.0000     0.147969E-13
        2095.0000     0.145600E-13
        2105.0000     0.143485E-13
        2115.0000     0.141275E-13
        2125.0000     0.139016E-13
        2135.0000     0.136750E-13
        2145.0000     0.134854E-13
        2155.0000     0.132616E-13
        2165.0000     0.130249E-13
        2175.0000     0.128326E-13
        2185.0000     0.126312E-13
        2195.0000     0.124527E-13
        2205.0000     0.122179E-13
        2215.0000     0.121001E-13
        2225.0000     0.118562E-13
        2235.0000     0.117043E-13
        2245.0000     0.115395E-13
        2255.0000     0.113696E-13
        2265.0000     0.111686E-13
        2275.0000     0.110225E-13
        2285.0000     0.108346E-13
        2295.0000     0.102132E-13
        2305.0000     0.103013E-13
        2315.0000     0.101947E-13
        2325.0000     0.957577E-14
        2335.0000     0.972223E-14
        2345.0000     0.969172E-14
        2355.0000     0.910546E-14
        2365.0000     0.927513E-14
        2375.0000     0.922435E-14
        2385.0000     0.871623E-14
        2395.0000     0.883056E-14
        2405.0000     0.875728E-14
        2415.0000     0.839267E-14
        2425.0000     0.840175E-14
        2435.0000     0.833288E-14
        2445.0000     0.807906E-14
        2455.0000     0.795936E-14
        2465.0000     0.794534E-14
        2475.0000     0.775934E-14
        2485.0000     0.756677E-14
        2495.0000     0.757084E-14
        2505.0000     0.748610E-14
        2515.0000     0.728136E-14
        2525.0000     0.702556E-14
        2535.0000     0.706560E-14
        2545.0000     0.701610E-14
        2555.0000     0.695248E-14
        2565.0000     0.683143E-14
        2575.0000     0.679869E-14
        2585.0000     0.666308E-14
        2595.0000     0.662889E-14
        2605.0000     0.652448E-14
        2615.0000     0.651948E-14
        2625.0000     0.635596E-14
        2635.0000     0.630781E-14
        2645.0000     0.624925E-14
        2655.0000     0.597406E-14
        2665.0000     0.601290E-14
        2675.0000     0.596267E-14
        2685.0000     0.591303E-14
        2695.0000     0.580068E-14
        2705.0000     0.573955E-14
        2715.0000     0.565058E-14
        2725.0000     0.559113E-14
        2735.0000     0.551960E-14
        2745.0000     0.545404E-14
        2755.0000     0.536406E-14
        2765.0000     0.531281E-14
        2775.0000     0.526464E-14
        2785.0000     0.516517E-14
        2795.0000     0.503267E-14
        2805.0000     0.488733E-14
        2815.0000     0.491308E-14
        2825.0000     0.488076E-14
        2835.0000     0.481780E-14
        2845.0000     0.479109E-14
        2855.0000     0.468475E-14
        2865.0000     0.466144E-14
        2875.0000     0.459663E-14
        2885.0000     0.453491E-14
        2895.0000     0.449449E-14
        2905.0000     0.439099E-14
        2915.0000     0.441500E-14
        2925.0000     0.425952E-14
        2935.0000     0.425722E-14
        2945.0000     0.410912E-14
        2955.0000     0.415812E-14
        2965.0000     0.402120E-14
        2975.0000     0.405263E-14
        2985.0000     0.397609E-14
        2995.0000     0.397307E-14
        3005.0000     0.384063E-14
        3015.0000     0.388683E-14
        3025.0000     0.380257E-14
        3035.0000     0.379419E-14
        3045.0000     0.365571E-14
        3055.0000     0.369953E-14
        3065.0000     0.364893E-14
        3075.0000     0.359081E-14
        3085.0000     0.353738E-14
        3095.0000     0.347858E-14
        3105.0000     0.348799E-14
        3115.0000     0.340050E-14
        3125.0000     0.340819E-14
        3135.0000     0.329295E-14
        3145.0000     0.331076E-14
        3155.0000     0.327250E-14
        3165.0000     0.326714E-14
        3175.0000     0.319340E-14
        3185.0000     0.315828E-14
        3195.0000     0.312166E-14
        3210.0000     0.310742E-14
        3230.0000     0.299196E-14
        3250.0000     0.296613E-14
        3270.0000     0.289593E-14
        3290.0000     0.280598E-14
        3310.0000     0.277917E-14
        3330.0000     0.269235E-14
        3350.0000     0.265006E-14
        3370.0000     0.261195E-14
        3390.0000     0.251623E-14
        3410.0000     0.249669E-14
        3430.0000     0.245952E-14
        3450.0000     0.236351E-14
        3470.0000     0.234747E-14
        3490.0000     0.230492E-14
        3510.0000     0.223210E-14
        3530.0000     0.219305E-14
        3550.0000     0.216385E-14
        3570.0000     0.209459E-14
        3590.0000     0.205795E-14
        3610.0000     0.203962E-14
        3630.0000     0.197651E-14
        3650.0000     0.194341E-14
        3670.0000     0.190665E-14
        3690.0000     0.187056E-14
        3710.0000     0.182262E-14
        3730.0000     0.179350E-14
        3750.0000     0.176897E-14
        3770.0000     0.171387E-14
        3790.0000     0.170116E-14
        3810.0000     0.165565E-14
        3830.0000     0.162534E-14
        3850.0000     0.159429E-14
        3870.0000     0.157402E-14
        3890.0000     0.153383E-14
        3910.0000     0.150440E-14
        3930.0000     0.147549E-14
        3950.0000     0.145813E-14
        3970.0000     0.142646E-14
        3990.0000     0.138453E-14
        4010.0000     0.137552E-14
        4030.0000     0.134539E-14
        4050.0000     0.132046E-14
        4070.0000     0.128555E-14
        4090.0000     0.127530E-14
        4110.0000     0.124591E-14
        4130.0000     0.122602E-14
        4150.0000     0.120311E-14
        4170.0000     0.117618E-14
        4190.0000     0.116388E-14
        4210.0000     0.113232E-14
        4230.0000     0.112057E-14
        4250.0000     0.109839E-14
        4270.0000     0.107867E-14
        4290.0000     0.103846E-14
        4310.0000     0.995442E-15
        4330.0000     0.995869E-15
        4350.0000     0.950806E-15
        4370.0000     0.926679E-15
        4390.0000     0.914281E-15
        4410.0000     0.873807E-15
        4430.0000     0.865252E-15
        4450.0000     0.847725E-15
        4470.0000     0.817920E-15
        4490.0000     0.812550E-15
        4510.0000     0.791990E-15
        4530.0000     0.772134E-15
        4550.0000     0.766193E-15
        4570.0000     0.759410E-15
        4590.0000     0.732809E-15
        4610.0000     0.729528E-15
        4630.0000     0.716629E-15
        4650.0000     0.714374E-15
        4670.0000     0.703439E-15
        4690.0000     0.692229E-15
        4710.0000     0.682650E-15
        4730.0000     0.678687E-15
        4750.0000     0.663902E-15
        4770.0000     0.654643E-15
        4790.0000     0.647686E-15
        4810.0000     0.631302E-15
        4830.0000     0.631913E-15
        4850.0000     0.620850E-15
        4870.0000     0.606395E-15
        4890.0000     0.598562E-15
        4910.0000     0.593457E-15
        4930.0000     0.580536E-15
        4950.0000     0.573432E-15
        4970.0000     0.565259E-15
        4990.0000     0.558892E-15
        5010.0000     0.545664E-15
        5030.0000     0.542318E-15
        5050.0000     0.531047E-15
        5070.0000     0.525450E-15
        5090.0000     0.519851E-15
        5110.0000     0.510876E-15
        5130.0000     0.505153E-15
        5150.0000     0.497555E-15
        5170.0000     0.492423E-15
        5190.0000     0.483303E-15
        5210.0000     0.477695E-15
        5230.0000     0.470618E-15
        5250.0000     0.465302E-15
        5270.0000     0.461708E-15
        5290.0000     0.450696E-15
        5310.0000     0.447104E-15
        5330.0000     0.439171E-15
        5350.0000     0.435760E-15
        5370.0000     0.429332E-15
        5390.0000     0.425295E-15
        5410.0000     0.419277E-15
        5430.0000     0.410219E-15
        5450.0000     0.408310E-15
        5470.0000     0.402897E-15
        5490.0000     0.397235E-15
        5510.0000     0.392275E-15
        5530.0000     0.390006E-15
        5550.0000     0.380859E-15
        5570.0000     0.378931E-15
        5590.0000     0.373712E-15
        5610.0000     0.368192E-15
        5630.0000     0.362923E-15
        5650.0000     0.360298E-15
        5670.0000     0.355378E-15
        5690.0000     0.349099E-15
        5710.0000     0.347010E-15
        5730.0000     0.341559E-15
        5750.0000     0.338608E-15
        5770.0000     0.333503E-15
        5790.0000     0.330004E-15
        5810.0000     0.325807E-15
        5830.0000     0.321152E-15
        5850.0000     0.318009E-15
        5870.0000     0.313511E-15
        5890.0000     0.309896E-15
        5910.0000     0.306212E-15
        5930.0000     0.302625E-15
        5950.0000     0.298863E-15
        5970.0000     0.295359E-15
        5990.0000     0.292109E-15
        6010.0000     0.288896E-15
        6030.0000     0.284560E-15
        6050.0000     0.280694E-15
        6070.0000     0.277807E-15
        6090.0000     0.274592E-15
        6110.0000     0.270694E-15
        6130.0000     0.268421E-15
        6150.0000     0.264703E-15
        6170.0000     0.261883E-15
        6190.0000     0.258844E-15
        6210.0000     0.255590E-15
        6230.0000     0.252718E-15
        6250.0000     0.249192E-15
        6270.0000     0.246289E-15
        6290.0000     0.243564E-15
        6310.0000     0.240387E-15
        6330.0000     0.237962E-15
        6350.0000     0.234518E-15
        6370.0000     0.232246E-15
        6390.0000     0.229059E-15
        6420.0000     0.224879E-15
        6460.0000     0.218477E-15
        6500.0000     0.212987E-15
        6540.0000     0.207927E-15
        6580.0000     0.202266E-15
        6620.0000     0.197338E-15
        6660.0000     0.193162E-15
        6700.0000     0.188431E-15
        6740.0000     0.184472E-15
        6780.0000     0.179761E-15
        6820.0000     0.175517E-15
        6860.0000     0.172418E-15
        6900.0000     0.168334E-15
        6940.0000     0.164371E-15
        6980.0000     0.161431E-15
        7020.0000     0.157382E-15
        7060.0000     0.154143E-15
        7100.0000     0.150854E-15
        7140.0000     0.147779E-15
        7180.0000     0.144725E-15
        7220.0000     0.141289E-15
        7260.0000     0.138392E-15
        7300.0000     0.135837E-15
        7340.0000     0.132690E-15
        7380.0000     0.130201E-15
        7420.0000     0.127236E-15
        7460.0000     0.124843E-15
        7500.0000     0.122289E-15
        7540.0000     0.119749E-15
        7580.0000     0.116888E-15
        7620.0000     0.114444E-15
        7660.0000     0.111979E-15
        7700.0000     0.109785E-15
        7740.0000     0.107087E-15
        7780.0000     0.105071E-15
        7820.0000     0.102809E-15
        7860.0000     0.100680E-15
        7900.0000     0.985587E-16
        7940.0000     0.968391E-16
        7980.0000     0.946979E-16
        8020.0000     0.931006E-16
        8060.0000     0.912945E-16
        8100.0000     0.895194E-16
        8140.0000     0.879770E-16
        8180.0000     0.864319E-16
        8220.0000     0.847141E-16
        8260.0000     0.833904E-16
        8300.0000     0.816990E-16
        8340.0000     0.801463E-16
        8380.0000     0.785649E-16
        8420.0000     0.773880E-16
        8460.0000     0.758820E-16
        8500.0000     0.743744E-16
        8540.0000     0.732066E-16
        8580.0000     0.718493E-16
        8620.0000     0.706428E-16
        8660.0000     0.693278E-16
        8700.0000     0.682111E-16
        8740.0000     0.668862E-16
        8780.0000     0.657316E-16
        8820.0000     0.645706E-16
        8860.0000     0.635010E-16
        8900.0000     0.624721E-16
        8940.0000     0.613632E-16
        8980.0000     0.602953E-16
        9020.0000     0.593851E-16
        9060.0000     0.583720E-16
        9100.0000     0.573743E-16
        9140.0000     0.563001E-16
        9180.0000     0.554470E-16
        9220.0000     0.544939E-16
        9260.0000     0.535774E-16
        9300.0000     0.528075E-16
        9340.0000     0.518294E-16
        9380.0000     0.509529E-16
        9420.0000     0.502190E-16
        9460.0000     0.492388E-16
        9500.0000     0.485917E-16
        9540.0000     0.479115E-16
        9580.0000     0.468863E-16
        9620.0000     0.462902E-16
        9660.0000     0.453741E-16
        9700.0000     0.447971E-16
        9740.0000     0.441069E-16
        9780.0000     0.432464E-16
        9820.0000     0.427160E-16
        9860.0000     0.420353E-16
        9900.0000     0.411687E-16
        9940.0000     0.406055E-16
        9980.0000     0.400691E-16
       10020.0000     0.394638E-16
       20000.0000     0.260586E-17
       40000.0000     0.166008E-18
       60000.0000     0.328958E-19
       80000.0000     0.104010E-19
      100000.0000     0.425135E-20
      120000.0000     0.204535E-20
      140000.0000     0.110016E-20
      160000.0000     0.643103E-21
