#FILENAME  G   BP   RP  V  g  r
# FT5000G150M175K200A040.DAT     5.42267    5.85228    4.82150    5.67834    6.07921    5.45585
           9.0900     0.000000E+00
           9.3500     0.000000E+00
           9.6100     0.000000E+00
           9.7700     0.000000E+00
           9.9600     0.000000E+00
          10.2000     0.000000E+00
          10.3800     0.000000E+00
          10.5600     0.000000E+00
          10.7700     0.000000E+00
          11.0400     0.000000E+00
          11.4000     0.000000E+00
          11.7800     0.000000E+00
          12.1300     0.000000E+00
          12.4800     0.000000E+00
          12.7100     0.000000E+00
          12.8400     0.000000E+00
          13.0500     0.000000E+00
          13.2400     0.000000E+00
          13.3900     0.000000E+00
          13.6600     0.000000E+00
          13.9800     0.000000E+00
          14.3300     0.000000E+00
          14.7200     0.000000E+00
          15.1000     0.000000E+00
          15.5200     0.000000E+00
          15.8800     0.000000E+00
          16.2000     0.000000E+00
          16.6000     0.000000E+00
          17.0300     0.000000E+00
          17.3400     0.000000E+00
          17.6800     0.000000E+00
          18.0200     0.000000E+00
          18.1700     0.000000E+00
          18.6100     0.000000E+00
          19.1000     0.000000E+00
          19.3900     0.000000E+00
          19.8400     0.000000E+00
          20.1800     0.000000E+00
          20.5000     0.000000E+00
          21.0500     0.000000E+00
          21.6200     0.000000E+00
          21.9800     0.000000E+00
          22.3000     0.000000E+00
          22.6800     0.000000E+00
          23.0000     0.000000E+00
          23.4000     0.000000E+00
          24.0000     0.000000E+00
          24.6500     0.000000E+00
          25.2400     0.000000E+00
          25.6800     0.000000E+00
          26.0000     0.000000E+00
          26.4000     0.000000E+00
          26.8500     0.000000E+00
          27.3500     0.000000E+00
          27.8500     0.000000E+00
          28.4000     0.000000E+00
          29.0000     0.000000E+00
          29.6000     0.000000E+00
          30.1000     0.000000E+00
          30.8000     0.000000E+00
          31.8000     0.000000E+00
          32.8000     0.000000E+00
          33.8000     0.000000E+00
          34.8000     0.000000E+00
          35.7000     0.000000E+00
          36.6000     0.000000E+00
          37.5000     0.000000E+00
          38.5000     0.000000E+00
          39.5000     0.000000E+00
          40.5000     0.000000E+00
          41.4000     0.000000E+00
          42.2000     0.000000E+00
          43.0000     0.000000E+00
          44.1000     0.000000E+00
          45.1000     0.000000E+00
          46.0000     0.000000E+00
          47.0000     0.000000E+00
          48.0000     0.000000E+00
          49.0000     0.000000E+00
          50.0000     0.000000E+00
          50.6000     0.000000E+00
          51.2000     0.000000E+00
          52.0000     0.000000E+00
          53.0000     0.000000E+00
          54.0000     0.000000E+00
          55.0000     0.000000E+00
          56.0000     0.000000E+00
          57.0000     0.000000E+00
          58.0000     0.000000E+00
          59.0000     0.000000E+00
          60.0000     0.000000E+00
          61.0000     0.000000E+00
          62.0000     0.000000E+00
          63.0000     0.000000E+00
          64.0000     0.000000E+00
          65.0000     0.000000E+00
          65.8000     0.000000E+00
          66.5000     0.000000E+00
          67.5000     0.000000E+00
          68.5000     0.000000E+00
          69.5000     0.146612E-37
          70.5000     0.317369E-37
          71.6000     0.722817E-37
          72.6000     0.149147E-36
          73.5000     0.281178E-36
          74.5000     0.557919E-36
          75.5000     0.108547E-35
          76.5000     0.207234E-35
          77.5000     0.388345E-35
          78.5000     0.715695E-35
          79.5000     0.129592E-34
          80.5000     0.231123E-34
          81.5000     0.405651E-34
          82.5000     0.701717E-34
          83.5000     0.119643E-33
          84.5000     0.201204E-33
          85.5000     0.334004E-33
          86.5000     0.546948E-33
          87.5000     0.884693E-33
          88.5000     0.141446E-32
          89.5000     0.223556E-32
          90.5000     0.349323E-32
          91.5000     0.182530E-27
          92.5000     0.689352E-27
          93.5000     0.104598E-26
          94.5000     0.168058E-26
          95.5000     0.271917E-26
          96.5000     0.406766E-26
          97.5000     0.570502E-26
          98.5000     0.939524E-26
          99.5000     0.138865E-25
         100.5000     0.206855E-25
         101.5000     0.287562E-25
         102.5000     0.409206E-25
         103.5000     0.636240E-25
         104.5000     0.925397E-25
         105.5000     0.129214E-24
         106.5000     0.183529E-24
         107.5000     0.256855E-24
         108.5000     0.359181E-24
         109.5000     0.489526E-24
         110.5000     0.141577E-23
         111.5000     0.397568E-23
         112.5000     0.584512E-23
         113.5000     0.863541E-23
         114.5000     0.103929E-22
         115.5000     0.107951E-22
         116.5000     0.118240E-22
         117.5000     0.120717E-22
         118.5000     0.275070E-22
         119.5000     0.825805E-23
         120.5000     0.100761E-22
         121.5000     0.400329E-23
         122.5000     0.170493E-22
         123.5000     0.238432E-22
         124.5000     0.360883E-22
         125.5000     0.714808E-22
         126.5000     0.112791E-21
         127.5000     0.177292E-21
         128.5000     0.270687E-21
         129.5000     0.381286E-21
         130.5000     0.473857E-21
         131.5000     0.670668E-21
         132.5000     0.834019E-21
         133.5000     0.104421E-20
         134.5000     0.127560E-20
         135.5000     0.158644E-20
         136.5000     0.185929E-20
         137.5000     0.221826E-20
         138.5000     0.264457E-20
         139.5000     0.310375E-20
         140.5000     0.381932E-20
         141.5000     0.454121E-20
         142.5000     0.521423E-20
         143.5000     0.629777E-20
         144.2000     0.798753E-20
         144.7000     0.750896E-20
         145.5000     0.896892E-20
         146.5000     0.110017E-19
         147.5000     0.114868E-19
         148.5000     0.138336E-19
         149.5000     0.184303E-19
         150.5000     0.226503E-19
         151.2000     0.191322E-19
         151.7000     0.253640E-19
         152.5000     0.388171E-19
         153.5000     0.118011E-18
         154.5000     0.116328E-18
         155.5000     0.178670E-18
         156.5000     0.178818E-18
         157.5000     0.283089E-18
         158.5000     0.355909E-18
         159.5000     0.413336E-18
         160.5000     0.475257E-18
         161.5000     0.599347E-18
         162.5000     0.721154E-18
         163.5000     0.857496E-18
         164.5000     0.124482E-17
         165.5000     0.811727E-18
         166.5000     0.151559E-17
         167.2000     0.114809E-17
         167.7000     0.167238E-17
         168.5000     0.254214E-17
         169.5000     0.330077E-17
         170.5000     0.384516E-17
         171.5000     0.379003E-17
         172.5000     0.479395E-17
         173.5000     0.555505E-17
         174.5000     0.691792E-17
         175.5000     0.863618E-17
         176.5000     0.898120E-17
         177.5000     0.994398E-17
         178.5000     0.119906E-16
         179.5000     0.135929E-16
         180.5000     0.143831E-16
         181.5000     0.161958E-16
         182.5000     0.171515E-16
         183.5000     0.214011E-16
         184.5000     0.200108E-16
         185.5000     0.244037E-16
         186.5000     0.280573E-16
         187.5000     0.310979E-16
         188.5000     0.347571E-16
         189.5000     0.410679E-16
         190.5000     0.419043E-16
         191.5000     0.500058E-16
         192.5000     0.562782E-16
         193.5000     0.541636E-16
         194.5000     0.697057E-16
         195.5000     0.751573E-16
         196.7000     0.915665E-16
         197.6000     0.936770E-16
         198.4000     0.100464E-15
         199.5000     0.118894E-15
         200.5000     0.132050E-15
         201.5000     0.148146E-15
         202.5000     0.137067E-15
         203.5000     0.193711E-15
         204.5000     0.231889E-15
         205.5000     0.233492E-15
         206.5000     0.247314E-15
         207.4000     0.300822E-15
         207.8000     0.404595E-15
         208.5000     0.440472E-15
         209.5000     0.536674E-15
         210.5000     0.607652E-15
         211.5000     0.695246E-15
         212.5000     0.539015E-15
         213.5000     0.622624E-15
         214.5000     0.883211E-15
         215.5000     0.986783E-15
         216.5000     0.964206E-15
         217.5000     0.108692E-14
         218.5000     0.133772E-14
         219.5000     0.155172E-14
         220.5000     0.150578E-14
         221.5000     0.110189E-14
         222.5000     0.155619E-14
         223.5000     0.212272E-14
         224.5000     0.211259E-14
         225.5000     0.164348E-14
         226.5000     0.159951E-14
         227.5000     0.216713E-14
         228.5000     0.254543E-14
         229.5000     0.235132E-14
         230.5000     0.296749E-14
         231.5000     0.277754E-14
         232.5000     0.262616E-14
         233.5000     0.165678E-14
         234.5000     0.114364E-14
         235.5000     0.254311E-14
         236.5000     0.131132E-14
         237.5000     0.198780E-14
         238.5000     0.940976E-15
         239.5000     0.137182E-14
         240.5000     0.136011E-14
         241.5000     0.222393E-14
         242.5000     0.452001E-14
         243.5000     0.476396E-14
         244.5000     0.570211E-14
         245.5000     0.581462E-14
         246.5000     0.567929E-14
         247.5000     0.508640E-14
         248.5000     0.328720E-14
         249.5000     0.440530E-14
         250.5000     0.622875E-14
         251.3000     0.325681E-14
         251.8000     0.185452E-14
         252.5000     0.224433E-14
         253.5000     0.413029E-14
         254.5000     0.576840E-14
         255.5000     0.825498E-14
         256.5000     0.669172E-14
         257.5000     0.789908E-14
         258.5000     0.660863E-14
         259.5000     0.558806E-14
         260.5000     0.418504E-14
         261.5000     0.397666E-14
         262.5000     0.583069E-14
         263.5000     0.108725E-13
         264.5000     0.163581E-13
         265.5000     0.198402E-13
         266.5000     0.156416E-13
         267.5000     0.175695E-13
         268.5000     0.187565E-13
         269.5000     0.150949E-13
         270.5000     0.175746E-13
         271.5000     0.135770E-13
         272.5000     0.135936E-13
         273.5000     0.150944E-13
         274.5000     0.807940E-14
         275.5000     0.111293E-13
         276.5000     0.135363E-13
         277.5000     0.132499E-13
         278.5000     0.627129E-14
         279.5000     0.185643E-14
         280.5000     0.238063E-14
         281.5000     0.941775E-14
         282.5000     0.176394E-13
         283.5000     0.193927E-13
         284.5000     0.169853E-13
         285.5000     0.886437E-14
         286.5000     0.222970E-13
         287.5000     0.251610E-13
         288.5000     0.235143E-13
         289.5000     0.259342E-13
         291.0000     0.326328E-13
         293.0000     0.322780E-13
         295.0000     0.325680E-13
         297.0000     0.352137E-13
         299.0000     0.361793E-13
         301.0000     0.391243E-13
         303.0000     0.402574E-13
         305.0000     0.433749E-13
         307.0000     0.386869E-13
         309.0000     0.394312E-13
         311.0000     0.422520E-13
         313.0000     0.398568E-13
         315.0000     0.396803E-13
         317.0000     0.446125E-13
         319.0000     0.422106E-13
         321.0000     0.476892E-13
         323.0000     0.435027E-13
         325.0000     0.545543E-13
         327.0000     0.621273E-13
         329.0000     0.633204E-13
         331.0000     0.638334E-13
         333.0000     0.628963E-13
         335.0000     0.620110E-13
         337.0000     0.540433E-13
         339.0000     0.627892E-13
         341.0000     0.672261E-13
         343.0000     0.740785E-13
         345.0000     0.745414E-13
         347.0000     0.754500E-13
         349.0000     0.777479E-13
         351.0000     0.820095E-13
         353.0000     0.792079E-13
         355.0000     0.892587E-13
         357.0000     0.803278E-13
         359.0000     0.805349E-13
         361.0000     0.848910E-13
         363.0000     0.864433E-13
         364.0000     0.870674E-13
         365.0000     0.926138E-13
         367.0000     0.935408E-13
         369.0000     0.965661E-13
         371.0000     0.109121E-12
         373.0000     0.106412E-12
         375.0000     0.114649E-12
         377.0000     0.121965E-12
         379.0000     0.126867E-12
         381.0000     0.133243E-12
         383.0000     0.117377E-12
         385.0000     0.132685E-12
         387.0000     0.130039E-12
         389.0000     0.124731E-12
         391.0000     0.125888E-12
         393.0000     0.662977E-13
         395.0000     0.115472E-12
         397.0000     0.798163E-13
         399.0000     0.144588E-12
         401.0000     0.155535E-12
         403.0000     0.155764E-12
         405.0000     0.156214E-12
         407.0000     0.155376E-12
         409.0000     0.165766E-12
         411.0000     0.161889E-12
         413.0000     0.164816E-12
         415.0000     0.167012E-12
         417.0000     0.166735E-12
         419.0000     0.164602E-12
         421.0000     0.164122E-12
         423.0000     0.159898E-12
         425.0000     0.161577E-12
         427.0000     0.159752E-12
         429.0000     0.144843E-12
         431.0000     0.123502E-12
         433.0000     0.166489E-12
         435.0000     0.162735E-12
         437.0000     0.169973E-12
         439.0000     0.165149E-12
         441.0000     0.172812E-12
         443.0000     0.181501E-12
         445.0000     0.179776E-12
         447.0000     0.183730E-12
         449.0000     0.188081E-12
         451.0000     0.193667E-12
         453.0000     0.184681E-12
         455.0000     0.187501E-12
         457.0000     0.195400E-12
         459.0000     0.192247E-12
         461.0000     0.196710E-12
         463.0000     0.196264E-12
         465.0000     0.196528E-12
         467.0000     0.200468E-12
         469.0000     0.201026E-12
         471.0000     0.198891E-12
         473.0000     0.201578E-12
         475.0000     0.202854E-12
         477.0000     0.201914E-12
         479.0000     0.201817E-12
         481.0000     0.203453E-12
         483.0000     0.203332E-12
         485.0000     0.201007E-12
         487.0000     0.188863E-12
         489.0000     0.201896E-12
         491.0000     0.202400E-12
         493.0000     0.199343E-12
         495.0000     0.202971E-12
         497.0000     0.206303E-12
         499.0000     0.199423E-12
         501.0000     0.194706E-12
         503.0000     0.202243E-12
         505.0000     0.201320E-12
         507.0000     0.205248E-12
         509.0000     0.202677E-12
         511.0000     0.203294E-12
         513.0000     0.201494E-12
         515.0000     0.198849E-12
         517.0000     0.194662E-12
         519.0000     0.195653E-12
         521.0000     0.196694E-12
         523.0000     0.199953E-12
         525.0000     0.204199E-12
         527.0000     0.194654E-12
         529.0000     0.204066E-12
         531.0000     0.205520E-12
         533.0000     0.198790E-12
         535.0000     0.204599E-12
         537.0000     0.203941E-12
         539.0000     0.202826E-12
         541.0000     0.201264E-12
         543.0000     0.201862E-12
         545.0000     0.204058E-12
         547.0000     0.204041E-12
         549.0000     0.204018E-12
         551.0000     0.203423E-12
         553.0000     0.204396E-12
         555.0000     0.206283E-12
         557.0000     0.203323E-12
         559.0000     0.201871E-12
         561.0000     0.202685E-12
         563.0000     0.205054E-12
         565.0000     0.204265E-12
         567.0000     0.202409E-12
         569.0000     0.204183E-12
         571.0000     0.201815E-12
         573.0000     0.204842E-12
         575.0000     0.203535E-12
         577.0000     0.203795E-12
         579.0000     0.202846E-12
         581.0000     0.203154E-12
         583.0000     0.203340E-12
         585.0000     0.201337E-12
         587.0000     0.201857E-12
         589.0000     0.198225E-12
         591.0000     0.201162E-12
         593.0000     0.200897E-12
         595.0000     0.200576E-12
         597.0000     0.200417E-12
         599.0000     0.199988E-12
         601.0000     0.199030E-12
         603.0000     0.198765E-12
         605.0000     0.199389E-12
         607.0000     0.198597E-12
         609.0000     0.197966E-12
         611.0000     0.196929E-12
         613.0000     0.193811E-12
         615.0000     0.194527E-12
         617.0000     0.192715E-12
         619.0000     0.195120E-12
         621.0000     0.195355E-12
         623.0000     0.193313E-12
         625.0000     0.190803E-12
         627.0000     0.193680E-12
         629.0000     0.193564E-12
         631.0000     0.191665E-12
         633.0000     0.191746E-12
         635.0000     0.192440E-12
         637.0000     0.191989E-12
         639.0000     0.191258E-12
         641.0000     0.189320E-12
         643.0000     0.189395E-12
         645.0000     0.188545E-12
         647.0000     0.188296E-12
         649.0000     0.186000E-12
         651.0000     0.188339E-12
         653.0000     0.188714E-12
         655.0000     0.186759E-12
         657.0000     0.174000E-12
         659.0000     0.186263E-12
         661.0000     0.186409E-12
         663.0000     0.186288E-12
         665.0000     0.185645E-12
         667.0000     0.184404E-12
         669.0000     0.185015E-12
         671.0000     0.183914E-12
         673.0000     0.183964E-12
         675.0000     0.183085E-12
         677.0000     0.182716E-12
         679.0000     0.182264E-12
         681.0000     0.181690E-12
         683.0000     0.181408E-12
         685.0000     0.180472E-12
         687.0000     0.180154E-12
         689.0000     0.179956E-12
         691.0000     0.179317E-12
         693.0000     0.178882E-12
         695.0000     0.178211E-12
         697.0000     0.177899E-12
         699.0000     0.177313E-12
         701.0000     0.176108E-12
         703.0000     0.176193E-12
         705.0000     0.175811E-12
         707.0000     0.175124E-12
         709.0000     0.174671E-12
         711.0000     0.174296E-12
         713.0000     0.173282E-12
         715.0000     0.172388E-12
         717.0000     0.172322E-12
         719.0000     0.170920E-12
         721.0000     0.170563E-12
         723.0000     0.170756E-12
         725.0000     0.170398E-12
         727.0000     0.169969E-12
         729.0000     0.168786E-12
         731.0000     0.168723E-12
         733.0000     0.167946E-12
         735.0000     0.167778E-12
         737.0000     0.167574E-12
         739.0000     0.166493E-12
         741.0000     0.165072E-12
         743.0000     0.165191E-12
         745.0000     0.165029E-12
         747.0000     0.164799E-12
         749.0000     0.163988E-12
         751.0000     0.163523E-12
         753.0000     0.163230E-12
         755.0000     0.162904E-12
         757.0000     0.162178E-12
         759.0000     0.161590E-12
         761.0000     0.161172E-12
         763.0000     0.160756E-12
         765.0000     0.160178E-12
         767.0000     0.158660E-12
         769.0000     0.159164E-12
         771.0000     0.157985E-12
         773.0000     0.157681E-12
         775.0000     0.156996E-12
         777.0000     0.157077E-12
         779.0000     0.156587E-12
         781.0000     0.156194E-12
         783.0000     0.155366E-12
         785.0000     0.154979E-12
         787.0000     0.154749E-12
         789.0000     0.154181E-12
         791.0000     0.153525E-12
         793.0000     0.152325E-12
         795.0000     0.151893E-12
         797.0000     0.152156E-12
         799.0000     0.151666E-12
         801.0000     0.150909E-12
         803.0000     0.150515E-12
         805.0000     0.149679E-12
         807.0000     0.149585E-12
         809.0000     0.148759E-12
         811.0000     0.148637E-12
         813.0000     0.148225E-12
         815.0000     0.147672E-12
         817.0000     0.147151E-12
         819.0000     0.145748E-12
         821.0000     0.145635E-12
         823.0000     0.144843E-12
         825.0000     0.144901E-12
         827.0000     0.144705E-12
         829.0000     0.144147E-12
         831.0000     0.143343E-12
         833.0000     0.142049E-12
         835.0000     0.142550E-12
         837.0000     0.141979E-12
         839.0000     0.140351E-12
         841.0000     0.141038E-12
         843.0000     0.140019E-12
         845.0000     0.140189E-12
         847.0000     0.138940E-12
         849.0000     0.138074E-12
         851.0000     0.133062E-12
         853.0000     0.137203E-12
         855.0000     0.122311E-12
         857.0000     0.137594E-12
         859.0000     0.136798E-12
         861.0000     0.135750E-12
         863.0000     0.136279E-12
         865.0000     0.135214E-12
         867.0000     0.122362E-12
         869.0000     0.133643E-12
         871.0000     0.134367E-12
         873.0000     0.133803E-12
         875.0000     0.131816E-12
         877.0000     0.133108E-12
         879.0000     0.132478E-12
         881.0000     0.131038E-12
         883.0000     0.130887E-12
         885.0000     0.130981E-12
         887.0000     0.129125E-12
         889.0000     0.130387E-12
         891.0000     0.129850E-12
         893.0000     0.129125E-12
         895.0000     0.128788E-12
         897.0000     0.128547E-12
         899.0000     0.128094E-12
         901.0000     0.125474E-12
         903.0000     0.127080E-12
         905.0000     0.126916E-12
         907.0000     0.126078E-12
         909.0000     0.124619E-12
         911.0000     0.125088E-12
         913.0000     0.125023E-12
         915.0000     0.124614E-12
         917.0000     0.124163E-12
         919.0000     0.123827E-12
         921.0000     0.122703E-12
         923.0000     0.120958E-12
         925.0000     0.121621E-12
         927.0000     0.121944E-12
         929.0000     0.121597E-12
         931.0000     0.121252E-12
         933.0000     0.120799E-12
         935.0000     0.120348E-12
         937.0000     0.119791E-12
         939.0000     0.119564E-12
         941.0000     0.117910E-12
         943.0000     0.118530E-12
         945.0000     0.118093E-12
         947.0000     0.117937E-12
         949.0000     0.117546E-12
         951.0000     0.117095E-12
         953.0000     0.116646E-12
         955.0000     0.114667E-12
         957.0000     0.115798E-12
         959.0000     0.115503E-12
         961.0000     0.114961E-12
         963.0000     0.114504E-12
         965.0000     0.113866E-12
         967.0000     0.113477E-12
         969.0000     0.113438E-12
         971.0000     0.113032E-12
         973.0000     0.112628E-12
         975.0000     0.112046E-12
         977.0000     0.111848E-12
         979.0000     0.111332E-12
         981.0000     0.111197E-12
         983.0000     0.110784E-12
         985.0000     0.110434E-12
         987.0000     0.109967E-12
         989.0000     0.109522E-12
         991.0000     0.109198E-12
         993.0000     0.108914E-12
         995.0000     0.108573E-12
         997.0000     0.108215E-12
         999.0000     0.107821E-12
        1002.5000     0.107050E-12
        1007.5000     0.105613E-12
        1012.5000     0.105282E-12
        1017.5000     0.104268E-12
        1022.5000     0.103489E-12
        1027.5000     0.102684E-12
        1032.5000     0.101369E-12
        1037.5000     0.100750E-12
        1042.5000     0.100103E-12
        1047.5000     0.989749E-13
        1052.5000     0.984343E-13
        1057.5000     0.974030E-13
        1062.5000     0.963866E-13
        1067.5000     0.952170E-13
        1072.5000     0.949472E-13
        1077.5000     0.938701E-13
        1082.5000     0.927762E-13
        1087.5000     0.922975E-13
        1092.5000     0.911016E-13
        1097.5000     0.908299E-13
        1102.5000     0.904490E-13
        1107.5000     0.898371E-13
        1112.5000     0.890314E-13
        1117.5000     0.882518E-13
        1122.5000     0.876802E-13
        1127.5000     0.867234E-13
        1132.5000     0.861834E-13
        1137.5000     0.855014E-13
        1142.5000     0.845639E-13
        1147.5000     0.842649E-13
        1152.5000     0.836074E-13
        1157.5000     0.828581E-13
        1162.5000     0.818351E-13
        1167.5000     0.814869E-13
        1172.5000     0.810441E-13
        1177.5000     0.801363E-13
        1182.5000     0.793231E-13
        1187.5000     0.786701E-13
        1192.5000     0.786043E-13
        1197.5000     0.771614E-13
        1202.5000     0.770773E-13
        1207.5000     0.764271E-13
        1212.5000     0.760977E-13
        1217.5000     0.756936E-13
        1222.5000     0.751397E-13
        1227.5000     0.744907E-13
        1232.5000     0.740389E-13
        1237.5000     0.734418E-13
        1242.5000     0.729263E-13
        1247.5000     0.724413E-13
        1252.5000     0.719007E-13
        1257.5000     0.713907E-13
        1262.5000     0.708744E-13
        1267.5000     0.703878E-13
        1272.5000     0.699185E-13
        1277.5000     0.694310E-13
        1282.5000     0.675634E-13
        1287.5000     0.684606E-13
        1292.5000     0.679549E-13
        1297.5000     0.675573E-13
        1302.5000     0.670734E-13
        1307.5000     0.666511E-13
        1312.5000     0.660997E-13
        1317.5000     0.655769E-13
        1322.5000     0.653448E-13
        1327.5000     0.647557E-13
        1332.5000     0.644324E-13
        1337.5000     0.640479E-13
        1342.5000     0.636673E-13
        1347.5000     0.632590E-13
        1352.5000     0.628654E-13
        1357.5000     0.624032E-13
        1362.5000     0.620079E-13
        1367.5000     0.616577E-13
        1372.5000     0.612601E-13
        1377.5000     0.609171E-13
        1382.5000     0.605474E-13
        1387.5000     0.601815E-13
        1392.5000     0.598192E-13
        1397.5000     0.594508E-13
        1402.5000     0.590568E-13
        1407.5000     0.587830E-13
        1412.5000     0.583772E-13
        1417.5000     0.581185E-13
        1422.5000     0.576066E-13
        1427.5000     0.572601E-13
        1432.5000     0.571038E-13
        1437.5000     0.568184E-13
        1442.5000     0.562043E-13
        1447.5000     0.561823E-13
        1452.5000     0.556419E-13
        1457.0000     0.554701E-13
        1462.0000     0.551988E-13
        1467.5000     0.549104E-13
        1472.5000     0.545204E-13
        1477.5000     0.542661E-13
        1482.5000     0.539965E-13
        1487.5000     0.532879E-13
        1492.5000     0.534731E-13
        1497.5000     0.531422E-13
        1502.5000     0.523734E-13
        1507.5000     0.522036E-13
        1512.5000     0.522524E-13
        1517.5000     0.519918E-13
        1522.5000     0.516922E-13
        1527.5000     0.512887E-13
        1532.5000     0.510035E-13
        1537.5000     0.508586E-13
        1542.5000     0.502638E-13
        1547.5000     0.503954E-13
        1552.5000     0.501189E-13
        1557.5000     0.491898E-13
        1562.5000     0.497070E-13
        1567.5000     0.491409E-13
        1572.5000     0.481397E-13
        1577.5000     0.484352E-13
        1582.5000     0.484661E-13
        1587.5000     0.464440E-13
        1592.5000     0.478518E-13
        1597.5000     0.476428E-13
        1605.0000     0.471019E-13
        1615.0000     0.456834E-13
        1625.0000     0.459134E-13
        1635.0000     0.449594E-13
        1645.0000     0.433529E-13
        1655.0000     0.434389E-13
        1665.0000     0.425318E-13
        1675.0000     0.414999E-13
        1685.0000     0.399229E-13
        1695.0000     0.400331E-13
        1705.0000     0.391828E-13
        1715.0000     0.383561E-13
        1725.0000     0.375973E-13
        1735.0000     0.359310E-13
        1745.0000     0.360927E-13
        1755.0000     0.354587E-13
        1765.0000     0.347384E-13
        1775.0000     0.340867E-13
        1785.0000     0.334354E-13
        1795.0000     0.328024E-13
        1805.0000     0.321460E-13
        1815.0000     0.308277E-13
        1825.0000     0.308588E-13
        1835.0000     0.303471E-13
        1845.0000     0.297152E-13
        1855.0000     0.292009E-13
        1865.0000     0.286409E-13
        1875.0000     0.272250E-13
        1885.0000     0.275728E-13
        1895.0000     0.269520E-13
        1905.0000     0.265853E-13
        1915.0000     0.260891E-13
        1925.0000     0.256275E-13
        1935.0000     0.251076E-13
        1945.0000     0.240705E-13
        1955.0000     0.242107E-13
        1965.0000     0.238111E-13
        1975.0000     0.232957E-13
        1985.0000     0.229498E-13
        1995.0000     0.225374E-13
        2005.0000     0.221750E-13
        2015.0000     0.217998E-13
        2025.0000     0.213983E-13
        2035.0000     0.209850E-13
        2045.0000     0.206795E-13
        2055.0000     0.203155E-13
        2065.0000     0.199306E-13
        2075.0000     0.196189E-13
        2085.0000     0.192814E-13
        2095.0000     0.189319E-13
        2105.0000     0.186401E-13
        2115.0000     0.183230E-13
        2125.0000     0.180152E-13
        2135.0000     0.177082E-13
        2145.0000     0.174228E-13
        2155.0000     0.171337E-13
        2165.0000     0.164977E-13
        2175.0000     0.165488E-13
        2185.0000     0.162693E-13
        2195.0000     0.160339E-13
        2205.0000     0.157431E-13
        2215.0000     0.155154E-13
        2225.0000     0.152602E-13
        2235.0000     0.150166E-13
        2245.0000     0.147767E-13
        2255.0000     0.145255E-13
        2265.0000     0.143004E-13
        2275.0000     0.140825E-13
        2285.0000     0.138495E-13
        2295.0000     0.135872E-13
        2305.0000     0.134083E-13
        2315.0000     0.132034E-13
        2325.0000     0.129307E-13
        2335.0000     0.127710E-13
        2345.0000     0.126031E-13
        2355.0000     0.123374E-13
        2365.0000     0.122025E-13
        2375.0000     0.120253E-13
        2385.0000     0.117866E-13
        2395.0000     0.116517E-13
        2405.0000     0.114821E-13
        2415.0000     0.112723E-13
        2425.0000     0.111339E-13
        2435.0000     0.109619E-13
        2445.0000     0.107860E-13
        2455.0000     0.106284E-13
        2465.0000     0.104950E-13
        2475.0000     0.103260E-13
        2485.0000     0.101500E-13
        2495.0000     0.100104E-13
        2505.0000     0.990924E-14
        2515.0000     0.975188E-14
        2525.0000     0.956666E-14
        2535.0000     0.948239E-14
        2545.0000     0.934297E-14
        2555.0000     0.920837E-14
        2565.0000     0.901155E-14
        2575.0000     0.896191E-14
        2585.0000     0.880960E-14
        2595.0000     0.871055E-14
        2605.0000     0.858454E-14
        2615.0000     0.839579E-14
        2625.0000     0.819577E-14
        2635.0000     0.822746E-14
        2645.0000     0.811335E-14
        2655.0000     0.798987E-14
        2665.0000     0.786261E-14
        2675.0000     0.771026E-14
        2685.0000     0.768747E-14
        2695.0000     0.758307E-14
        2705.0000     0.747999E-14
        2715.0000     0.737823E-14
        2725.0000     0.728033E-14
        2735.0000     0.718367E-14
        2745.0000     0.708822E-14
        2755.0000     0.692080E-14
        2765.0000     0.689337E-14
        2775.0000     0.680896E-14
        2785.0000     0.671818E-14
        2795.0000     0.662607E-14
        2805.0000     0.653753E-14
        2815.0000     0.645733E-14
        2825.0000     0.637330E-14
        2835.0000     0.629030E-14
        2845.0000     0.620593E-14
        2855.0000     0.612730E-14
        2865.0000     0.604727E-14
        2875.0000     0.590565E-14
        2885.0000     0.589469E-14
        2895.0000     0.581976E-14
        2905.0000     0.574346E-14
        2915.0000     0.567257E-14
        2925.0000     0.559579E-14
        2935.0000     0.552883E-14
        2945.0000     0.545602E-14
        2955.0000     0.539283E-14
        2965.0000     0.531949E-14
        2975.0000     0.525782E-14
        2985.0000     0.519471E-14
        2995.0000     0.512592E-14
        3005.0000     0.506005E-14
        3015.0000     0.500337E-14
        3025.0000     0.494104E-14
        3035.0000     0.483577E-14
        3045.0000     0.480613E-14
        3055.0000     0.476240E-14
        3065.0000     0.470284E-14
        3075.0000     0.464800E-14
        3085.0000     0.458773E-14
        3095.0000     0.453214E-14
        3105.0000     0.448115E-14
        3115.0000     0.441690E-14
        3125.0000     0.437495E-14
        3135.0000     0.431591E-14
        3145.0000     0.427108E-14
        3155.0000     0.421519E-14
        3165.0000     0.417139E-14
        3175.0000     0.411666E-14
        3185.0000     0.407008E-14
        3195.0000     0.402401E-14
        3210.0000     0.395490E-14
        3230.0000     0.386018E-14
        3250.0000     0.377656E-14
        3270.0000     0.368931E-14
        3290.0000     0.358267E-14
        3310.0000     0.352552E-14
        3330.0000     0.344185E-14
        3350.0000     0.336846E-14
        3370.0000     0.329487E-14
        3390.0000     0.321445E-14
        3410.0000     0.314885E-14
        3430.0000     0.308457E-14
        3450.0000     0.301351E-14
        3470.0000     0.295184E-14
        3490.0000     0.288823E-14
        3510.0000     0.282432E-14
        3530.0000     0.276475E-14
        3550.0000     0.270785E-14
        3570.0000     0.264754E-14
        3590.0000     0.259287E-14
        3610.0000     0.254217E-14
        3630.0000     0.248808E-14
        3650.0000     0.243501E-14
        3670.0000     0.238580E-14
        3690.0000     0.233609E-14
        3710.0000     0.229011E-14
        3730.0000     0.224359E-14
        3750.0000     0.218976E-14
        3770.0000     0.215581E-14
        3790.0000     0.211312E-14
        3810.0000     0.206857E-14
        3830.0000     0.203005E-14
        3850.0000     0.199092E-14
        3870.0000     0.195250E-14
        3890.0000     0.191349E-14
        3910.0000     0.187517E-14
        3930.0000     0.184126E-14
        3950.0000     0.180670E-14
        3970.0000     0.177275E-14
        3990.0000     0.173698E-14
        4010.0000     0.170422E-14
        4030.0000     0.167083E-14
        4050.0000     0.163336E-14
        4070.0000     0.161041E-14
        4090.0000     0.158210E-14
        4110.0000     0.155201E-14
        4130.0000     0.152466E-14
        4150.0000     0.149666E-14
        4170.0000     0.146582E-14
        4190.0000     0.144313E-14
        4210.0000     0.141432E-14
        4230.0000     0.139135E-14
        4250.0000     0.136662E-14
        4270.0000     0.134230E-14
        4290.0000     0.131004E-14
        4310.0000     0.127935E-14
        4330.0000     0.126041E-14
        4350.0000     0.122861E-14
        4370.0000     0.120235E-14
        4390.0000     0.118545E-14
        4410.0000     0.115602E-14
        4430.0000     0.113780E-14
        4450.0000     0.111889E-14
        4470.0000     0.109261E-14
        4490.0000     0.107814E-14
        4510.0000     0.105919E-14
        4530.0000     0.103679E-14
        4550.0000     0.102307E-14
        4570.0000     0.100772E-14
        4590.0000     0.986229E-15
        4610.0000     0.973185E-15
        4630.0000     0.955862E-15
        4650.0000     0.942343E-15
        4670.0000     0.929021E-15
        4690.0000     0.914149E-15
        4710.0000     0.900360E-15
        4730.0000     0.889338E-15
        4750.0000     0.873377E-15
        4770.0000     0.860177E-15
        4790.0000     0.848001E-15
        4810.0000     0.831858E-15
        4830.0000     0.821700E-15
        4850.0000     0.808831E-15
        4870.0000     0.795661E-15
        4890.0000     0.783640E-15
        4910.0000     0.772503E-15
        4930.0000     0.760023E-15
        4950.0000     0.748658E-15
        4970.0000     0.736752E-15
        4990.0000     0.727320E-15
        5010.0000     0.714430E-15
        5030.0000     0.705429E-15
        5050.0000     0.692644E-15
        5070.0000     0.683241E-15
        5090.0000     0.674557E-15
        5110.0000     0.663493E-15
        5130.0000     0.653309E-15
        5150.0000     0.644128E-15
        5170.0000     0.636575E-15
        5190.0000     0.625493E-15
        5210.0000     0.616397E-15
        5230.0000     0.607491E-15
        5250.0000     0.599536E-15
        5270.0000     0.591409E-15
        5290.0000     0.581402E-15
        5310.0000     0.574382E-15
        5330.0000     0.565563E-15
        5350.0000     0.558399E-15
        5370.0000     0.550528E-15
        5390.0000     0.543088E-15
        5410.0000     0.535482E-15
        5430.0000     0.527063E-15
        5450.0000     0.520816E-15
        5470.0000     0.513430E-15
        5490.0000     0.506011E-15
        5510.0000     0.499758E-15
        5530.0000     0.493394E-15
        5550.0000     0.485617E-15
        5570.0000     0.480223E-15
        5590.0000     0.472932E-15
        5610.0000     0.466767E-15
        5630.0000     0.460375E-15
        5650.0000     0.454902E-15
        5670.0000     0.448899E-15
        5690.0000     0.442377E-15
        5710.0000     0.436816E-15
        5730.0000     0.431206E-15
        5750.0000     0.425489E-15
        5770.0000     0.419956E-15
        5790.0000     0.414661E-15
        5810.0000     0.409031E-15
        5830.0000     0.403751E-15
        5850.0000     0.398756E-15
        5870.0000     0.393376E-15
        5890.0000     0.388280E-15
        5910.0000     0.382861E-15
        5930.0000     0.378485E-15
        5950.0000     0.373186E-15
        5970.0000     0.368971E-15
        5990.0000     0.364269E-15
        6010.0000     0.359675E-15
        6030.0000     0.355081E-15
        6050.0000     0.350540E-15
        6070.0000     0.346103E-15
        6090.0000     0.341768E-15
        6110.0000     0.337380E-15
        6130.0000     0.333296E-15
        6150.0000     0.329208E-15
        6170.0000     0.325115E-15
        6190.0000     0.321119E-15
        6210.0000     0.317117E-15
        6230.0000     0.313110E-15
        6250.0000     0.309247E-15
        6270.0000     0.305523E-15
        6290.0000     0.301502E-15
        6310.0000     0.298055E-15
        6330.0000     0.294549E-15
        6350.0000     0.290940E-15
        6370.0000     0.287464E-15
        6390.0000     0.283932E-15
        6420.0000     0.278868E-15
        6460.0000     0.272213E-15
        6500.0000     0.265746E-15
        6540.0000     0.259550E-15
        6580.0000     0.253485E-15
        6620.0000     0.247591E-15
        6660.0000     0.241905E-15
        6700.0000     0.236338E-15
        6740.0000     0.230928E-15
        6780.0000     0.225586E-15
        6820.0000     0.220560E-15
        6860.0000     0.215635E-15
        6900.0000     0.210809E-15
        6940.0000     0.206080E-15
        6980.0000     0.201563E-15
        7020.0000     0.197096E-15
        7060.0000     0.192833E-15
        7100.0000     0.188615E-15
        7140.0000     0.184554E-15
        7180.0000     0.180572E-15
        7220.0000     0.176703E-15
        7260.0000     0.172945E-15
        7300.0000     0.169294E-15
        7340.0000     0.165712E-15
        7380.0000     0.162233E-15
        7420.0000     0.158853E-15
        7460.0000     0.155331E-15
        7500.0000     0.152146E-15
        7540.0000     0.149223E-15
        7580.0000     0.146185E-15
        7620.0000     0.143203E-15
        7660.0000     0.140341E-15
        7700.0000     0.137498E-15
        7740.0000     0.134738E-15
        7780.0000     0.132059E-15
        7820.0000     0.129458E-15
        7860.0000     0.126904E-15
        7900.0000     0.124426E-15
        7940.0000     0.121991E-15
        7980.0000     0.119628E-15
        8020.0000     0.117306E-15
        8060.0000     0.115025E-15
        8100.0000     0.112841E-15
        8140.0000     0.110665E-15
        8180.0000     0.108584E-15
        8220.0000     0.106537E-15
        8260.0000     0.104526E-15
        8300.0000     0.102575E-15
        8340.0000     0.100658E-15
        8380.0000     0.987993E-16
        8420.0000     0.969984E-16
        8460.0000     0.952004E-16
        8500.0000     0.934583E-16
        8540.0000     0.917709E-16
        8580.0000     0.901108E-16
        8620.0000     0.884775E-16
        8660.0000     0.868704E-16
        8700.0000     0.853397E-16
        8740.0000     0.838083E-16
        8780.0000     0.823260E-16
        8820.0000     0.808917E-16
        8860.0000     0.794555E-16
        8900.0000     0.780659E-16
        8940.0000     0.767220E-16
        8980.0000     0.753751E-16
        9020.0000     0.740960E-16
        9060.0000     0.728133E-16
        9100.0000     0.715733E-16
        9140.0000     0.703522E-16
        9180.0000     0.691497E-16
        9220.0000     0.679878E-16
        9260.0000     0.668434E-16
        9300.0000     0.657382E-16
        9340.0000     0.646275E-16
        9380.0000     0.635334E-16
        9420.0000     0.625202E-16
        9460.0000     0.614576E-16
        9500.0000     0.604743E-16
        9540.0000     0.594843E-16
        9580.0000     0.585087E-16
        9620.0000     0.575679E-16
        9660.0000     0.566201E-16
        9700.0000     0.557267E-16
        9740.0000     0.548258E-16
        9780.0000     0.539378E-16
        9820.0000     0.531021E-16
        9860.0000     0.522585E-16
        9900.0000     0.514267E-16
        9940.0000     0.506067E-16
        9980.0000     0.498365E-16
       10020.0000     0.490770E-16
       20000.0000     0.321149E-17
       40000.0000     0.203950E-18
       60000.0000     0.403697E-19
       80000.0000     0.127528E-19
      100000.0000     0.521077E-20
      120000.0000     0.250549E-20
      140000.0000     0.134833E-20
      160000.0000     0.787702E-21
