#FILENAME  G   BP   RP  V  g  r
# FT6875G450M150K200A040.DAT     4.00683    4.18296    3.69315    4.11558    4.24084    4.08097
           9.0900     0.000000E+00
           9.3500     0.000000E+00
           9.6100     0.000000E+00
           9.7700     0.000000E+00
           9.9600     0.000000E+00
          10.2000     0.000000E+00
          10.3800     0.000000E+00
          10.5600     0.000000E+00
          10.7700     0.000000E+00
          11.0400     0.000000E+00
          11.4000     0.000000E+00
          11.7800     0.000000E+00
          12.1300     0.000000E+00
          12.4800     0.000000E+00
          12.7100     0.000000E+00
          12.8400     0.000000E+00
          13.0500     0.000000E+00
          13.2400     0.000000E+00
          13.3900     0.000000E+00
          13.6600     0.000000E+00
          13.9800     0.000000E+00
          14.3300     0.000000E+00
          14.7200     0.000000E+00
          15.1000     0.000000E+00
          15.5200     0.000000E+00
          15.8800     0.000000E+00
          16.2000     0.000000E+00
          16.6000     0.000000E+00
          17.0300     0.000000E+00
          17.3400     0.000000E+00
          17.6800     0.000000E+00
          18.0200     0.000000E+00
          18.1700     0.000000E+00
          18.6100     0.000000E+00
          19.1000     0.000000E+00
          19.3900     0.000000E+00
          19.8400     0.000000E+00
          20.1800     0.000000E+00
          20.5000     0.000000E+00
          21.0500     0.000000E+00
          21.6200     0.000000E+00
          21.9800     0.000000E+00
          22.3000     0.000000E+00
          22.6800     0.000000E+00
          23.0000     0.000000E+00
          23.4000     0.000000E+00
          24.0000     0.000000E+00
          24.6500     0.000000E+00
          25.2400     0.000000E+00
          25.6800     0.000000E+00
          26.0000     0.000000E+00
          26.4000     0.000000E+00
          26.8500     0.000000E+00
          27.3500     0.000000E+00
          27.8500     0.000000E+00
          28.4000     0.000000E+00
          29.0000     0.000000E+00
          29.6000     0.000000E+00
          30.1000     0.000000E+00
          30.8000     0.000000E+00
          31.8000     0.000000E+00
          32.8000     0.000000E+00
          33.8000     0.000000E+00
          34.8000     0.000000E+00
          35.7000     0.000000E+00
          36.6000     0.000000E+00
          37.5000     0.000000E+00
          38.5000     0.000000E+00
          39.5000     0.000000E+00
          40.5000     0.000000E+00
          41.4000     0.000000E+00
          42.2000     0.000000E+00
          43.0000     0.167992E-37
          44.1000     0.798775E-37
          45.1000     0.307023E-36
          46.0000     0.978326E-36
          47.0000     0.335237E-35
          48.0000     0.108717E-34
          49.0000     0.334989E-34
          50.0000     0.982789E-34
          50.6000     0.241438E-33
          51.2000     0.498143E-33
          52.0000     0.109136E-32
          53.0000     0.282583E-32
          54.0000     0.692849E-32
          55.0000     0.166053E-31
          56.0000     0.382393E-31
          57.0000     0.852888E-31
          58.0000     0.182451E-30
          59.0000     0.387845E-30
          60.0000     0.793670E-30
          61.0000     0.158204E-29
          62.0000     0.307679E-29
          63.0000     0.584783E-29
          64.0000     0.108702E-28
          65.0000     0.197893E-28
          65.8000     0.315009E-28
          66.5000     0.468119E-28
          67.5000     0.812032E-28
          68.5000     0.138272E-27
          69.5000     0.231495E-27
          70.5000     0.381135E-27
          71.6000     0.648107E-27
          72.6000     0.103367E-26
          73.5000     0.155442E-26
          74.5000     0.241454E-26
          75.5000     0.370221E-26
          76.5000     0.560214E-26
          77.5000     0.837906E-26
          78.5000     0.123872E-25
          79.5000     0.180829E-25
          80.5000     0.261680E-25
          81.5000     0.374513E-25
          82.5000     0.530649E-25
          83.5000     0.744887E-25
          84.5000     0.103606E-24
          85.5000     0.142796E-24
          86.5000     0.195156E-24
          87.5000     0.264382E-24
          88.5000     0.355754E-24
          89.5000     0.474557E-24
          90.5000     0.628500E-24
          91.5000     0.131408E-20
          92.5000     0.739486E-20
          93.5000     0.108410E-19
          94.5000     0.160167E-19
          95.5000     0.223623E-19
          96.5000     0.293662E-19
          97.5000     0.311641E-19
          98.5000     0.482394E-19
          99.5000     0.600218E-19
         100.5000     0.783622E-19
         101.5000     0.910459E-19
         102.5000     0.910096E-19
         103.5000     0.144285E-18
         104.5000     0.192901E-18
         105.5000     0.231243E-18
         106.5000     0.287871E-18
         107.5000     0.358934E-18
         108.5000     0.448000E-18
         109.5000     0.530573E-18
         110.5000     0.996700E-18
         111.5000     0.179299E-17
         112.5000     0.224696E-17
         113.5000     0.306231E-17
         114.5000     0.363423E-17
         115.5000     0.388883E-17
         116.5000     0.452220E-17
         117.5000     0.493103E-17
         118.5000     0.530092E-17
         119.5000     0.318494E-17
         120.5000     0.223547E-17
         121.5000     0.847488E-18
         122.5000     0.266077E-17
         123.5000     0.625021E-17
         124.5000     0.103545E-16
         125.5000     0.153686E-16
         126.5000     0.193749E-16
         127.5000     0.253628E-16
         128.5000     0.351407E-16
         129.5000     0.426049E-16
         130.5000     0.507029E-16
         131.5000     0.615185E-16
         132.5000     0.732903E-16
         133.5000     0.836507E-16
         134.5000     0.983856E-16
         135.5000     0.108788E-15
         136.5000     0.128269E-15
         137.5000     0.143225E-15
         138.5000     0.159234E-15
         139.5000     0.179494E-15
         140.5000     0.197417E-15
         141.5000     0.227921E-15
         142.5000     0.246613E-15
         143.5000     0.267460E-15
         144.2000     0.301984E-15
         144.7000     0.306486E-15
         145.5000     0.343289E-15
         146.5000     0.361460E-15
         147.5000     0.404107E-15
         148.5000     0.440453E-15
         149.5000     0.491559E-15
         150.5000     0.543640E-15
         151.2000     0.578323E-15
         151.7000     0.595238E-15
         152.5000     0.668224E-15
         153.5000     0.779183E-15
         154.5000     0.849596E-15
         155.5000     0.902854E-15
         156.5000     0.903863E-15
         157.5000     0.103370E-14
         158.5000     0.111141E-14
         159.5000     0.121871E-14
         160.5000     0.129203E-14
         161.5000     0.143981E-14
         162.5000     0.158895E-14
         163.5000     0.190841E-14
         164.5000     0.240968E-14
         165.5000     0.248622E-14
         166.5000     0.440032E-14
         167.2000     0.518283E-14
         167.7000     0.899519E-14
         168.5000     0.180223E-13
         169.5000     0.289284E-13
         170.5000     0.664685E-13
         171.5000     0.116481E-12
         172.5000     0.145254E-12
         173.5000     0.197468E-12
         174.5000     0.204016E-12
         175.5000     0.253863E-12
         176.5000     0.186140E-12
         177.5000     0.244831E-12
         178.5000     0.274972E-12
         179.5000     0.317147E-12
         180.5000     0.273203E-12
         181.5000     0.288861E-12
         182.5000     0.263108E-12
         183.5000     0.293518E-12
         184.5000     0.225255E-12
         185.5000     0.269414E-12
         186.5000     0.319829E-12
         187.5000     0.316535E-12
         188.5000     0.327845E-12
         189.5000     0.345512E-12
         190.5000     0.323161E-12
         191.5000     0.366009E-12
         192.5000     0.378702E-12
         193.5000     0.320941E-12
         194.5000     0.400668E-12
         195.5000     0.407353E-12
         196.7000     0.442736E-12
         197.6000     0.427236E-12
         198.4000     0.416597E-12
         199.5000     0.424189E-12
         200.5000     0.396959E-12
         201.5000     0.415291E-12
         202.5000     0.363285E-12
         203.5000     0.438151E-12
         204.5000     0.469365E-12
         205.5000     0.461634E-12
         206.5000     0.458521E-12
         207.4000     0.513762E-12
         207.8000     0.517995E-12
         208.5000     0.510117E-12
         209.5000     0.491733E-12
         210.5000     0.474971E-12
         211.5000     0.496177E-12
         212.5000     0.487277E-12
         213.5000     0.444491E-12
         214.5000     0.507367E-12
         215.5000     0.495247E-12
         216.5000     0.464943E-12
         217.5000     0.465536E-12
         218.5000     0.503802E-12
         219.5000     0.550496E-12
         220.5000     0.528972E-12
         221.5000     0.480490E-12
         222.5000     0.510995E-12
         223.5000     0.581956E-12
         224.5000     0.534227E-12
         225.5000     0.503514E-12
         226.5000     0.483027E-12
         227.5000     0.525781E-12
         228.5000     0.549797E-12
         229.5000     0.504658E-12
         230.5000     0.541379E-12
         231.5000     0.553507E-12
         232.5000     0.542733E-12
         233.5000     0.513157E-12
         234.5000     0.434961E-12
         235.5000     0.559034E-12
         236.5000     0.470433E-12
         237.5000     0.529628E-12
         238.5000     0.416790E-12
         239.5000     0.477752E-12
         240.5000     0.470476E-12
         241.5000     0.470856E-12
         242.5000     0.555557E-12
         243.5000     0.533886E-12
         244.5000     0.568289E-12
         245.5000     0.567164E-12
         246.5000     0.575809E-12
         247.5000     0.533337E-12
         248.5000     0.520991E-12
         249.5000     0.508209E-12
         250.5000     0.595714E-12
         251.3000     0.514297E-12
         251.8000     0.463629E-12
         252.5000     0.449948E-12
         253.5000     0.442531E-12
         254.5000     0.434626E-12
         255.5000     0.501048E-12
         256.5000     0.511994E-12
         257.5000     0.583116E-12
         258.5000     0.598675E-12
         259.5000     0.587529E-12
         260.5000     0.562144E-12
         261.5000     0.532648E-12
         262.5000     0.614474E-12
         263.5000     0.629953E-12
         264.5000     0.721826E-12
         265.5000     0.743565E-12
         266.5000     0.676249E-12
         267.5000     0.710275E-12
         268.5000     0.740058E-12
         269.5000     0.667341E-12
         270.5000     0.689374E-12
         271.5000     0.635723E-12
         272.5000     0.643960E-12
         273.5000     0.683806E-12
         274.5000     0.568278E-12
         275.5000     0.611341E-12
         276.5000     0.662285E-12
         277.5000     0.690844E-12
         278.5000     0.624660E-12
         279.5000     0.279702E-12
         280.5000     0.361925E-12
         281.5000     0.726933E-12
         282.5000     0.746032E-12
         283.5000     0.735298E-12
         284.5000     0.694175E-12
         285.5000     0.547416E-12
         286.5000     0.717880E-12
         287.5000     0.720772E-12
         288.5000     0.724067E-12
         289.5000     0.730726E-12
         291.0000     0.790604E-12
         293.0000     0.765794E-12
         295.0000     0.757646E-12
         297.0000     0.774180E-12
         299.0000     0.773283E-12
         301.0000     0.774455E-12
         303.0000     0.781994E-12
         305.0000     0.788653E-12
         307.0000     0.792634E-12
         309.0000     0.793237E-12
         311.0000     0.788809E-12
         313.0000     0.795181E-12
         315.0000     0.805380E-12
         317.0000     0.808970E-12
         319.0000     0.768936E-12
         321.0000     0.785032E-12
         323.0000     0.754231E-12
         325.0000     0.788490E-12
         327.0000     0.812544E-12
         329.0000     0.821979E-12
         331.0000     0.829205E-12
         333.0000     0.811849E-12
         335.0000     0.804744E-12
         337.0000     0.795726E-12
         339.0000     0.799196E-12
         341.0000     0.801542E-12
         343.0000     0.813708E-12
         345.0000     0.803335E-12
         347.0000     0.802213E-12
         349.0000     0.806252E-12
         351.0000     0.814033E-12
         353.0000     0.804374E-12
         355.0000     0.825423E-12
         357.0000     0.795014E-12
         359.0000     0.789747E-12
         361.0000     0.796303E-12
         363.0000     0.803829E-12
         364.0000     0.803321E-12
         365.0000     0.822212E-12
         367.0000     0.821095E-12
         369.0000     0.790700E-12
         371.0000     0.796250E-12
         373.0000     0.766124E-12
         375.0000     0.868687E-12
         377.0000     0.898569E-12
         379.0000     0.996033E-12
         381.0000     0.108771E-11
         383.0000     0.911106E-12
         385.0000     0.114003E-11
         387.0000     0.118863E-11
         389.0000     0.908148E-12
         391.0000     0.118573E-11
         393.0000     0.102528E-11
         395.0000     0.118761E-11
         397.0000     0.843727E-12
         399.0000     0.119664E-11
         401.0000     0.124333E-11
         403.0000     0.123809E-11
         405.0000     0.123056E-11
         407.0000     0.120347E-11
         409.0000     0.111560E-11
         411.0000     0.946848E-12
         413.0000     0.119458E-11
         415.0000     0.120644E-11
         417.0000     0.121032E-11
         419.0000     0.119334E-11
         421.0000     0.119067E-11
         423.0000     0.116980E-11
         425.0000     0.117790E-11
         427.0000     0.117005E-11
         429.0000     0.115604E-11
         431.0000     0.111132E-11
         433.0000     0.102140E-11
         435.0000     0.919230E-12
         437.0000     0.113817E-11
         439.0000     0.113676E-11
         441.0000     0.113042E-11
         443.0000     0.113194E-11
         445.0000     0.112179E-11
         447.0000     0.112136E-11
         449.0000     0.112184E-11
         451.0000     0.112227E-11
         453.0000     0.110212E-11
         455.0000     0.109707E-11
         457.0000     0.110308E-11
         459.0000     0.109440E-11
         461.0000     0.109573E-11
         463.0000     0.108718E-11
         465.0000     0.108228E-11
         467.0000     0.108005E-11
         469.0000     0.107173E-11
         471.0000     0.105488E-11
         473.0000     0.106053E-11
         475.0000     0.105501E-11
         477.0000     0.104787E-11
         479.0000     0.103997E-11
         481.0000     0.103134E-11
         483.0000     0.101296E-11
         485.0000     0.916702E-12
         487.0000     0.792754E-12
         489.0000     0.982653E-12
         491.0000     0.998495E-12
         493.0000     0.986470E-12
         495.0000     0.987894E-12
         497.0000     0.991588E-12
         499.0000     0.978272E-12
         501.0000     0.963610E-12
         503.0000     0.971857E-12
         505.0000     0.961922E-12
         507.0000     0.962543E-12
         509.0000     0.955733E-12
         511.0000     0.951200E-12
         513.0000     0.943070E-12
         515.0000     0.932871E-12
         517.0000     0.906323E-12
         519.0000     0.905750E-12
         521.0000     0.911508E-12
         523.0000     0.907351E-12
         525.0000     0.914346E-12
         527.0000     0.888113E-12
         529.0000     0.901255E-12
         531.0000     0.896516E-12
         533.0000     0.878342E-12
         535.0000     0.885168E-12
         537.0000     0.876595E-12
         539.0000     0.872079E-12
         541.0000     0.861717E-12
         543.0000     0.860577E-12
         545.0000     0.856206E-12
         547.0000     0.853797E-12
         549.0000     0.850129E-12
         551.0000     0.845861E-12
         553.0000     0.839754E-12
         555.0000     0.837443E-12
         557.0000     0.828970E-12
         559.0000     0.821211E-12
         561.0000     0.819017E-12
         563.0000     0.817437E-12
         565.0000     0.812860E-12
         567.0000     0.806540E-12
         569.0000     0.802655E-12
         571.0000     0.797042E-12
         573.0000     0.794987E-12
         575.0000     0.788887E-12
         577.0000     0.784578E-12
         579.0000     0.779738E-12
         581.0000     0.775514E-12
         583.0000     0.771329E-12
         585.0000     0.765505E-12
         587.0000     0.761409E-12
         589.0000     0.749623E-12
         591.0000     0.752782E-12
         593.0000     0.748257E-12
         595.0000     0.743776E-12
         597.0000     0.739338E-12
         599.0000     0.734943E-12
         601.0000     0.730060E-12
         603.0000     0.725225E-12
         605.0000     0.722008E-12
         607.0000     0.717777E-12
         609.0000     0.713587E-12
         611.0000     0.708923E-12
         613.0000     0.701247E-12
         615.0000     0.698212E-12
         617.0000     0.691178E-12
         619.0000     0.692216E-12
         621.0000     0.688261E-12
         623.0000     0.682863E-12
         625.0000     0.677519E-12
         627.0000     0.676126E-12
         629.0000     0.672318E-12
         631.0000     0.667581E-12
         633.0000     0.663847E-12
         635.0000     0.659672E-12
         637.0000     0.656008E-12
         639.0000     0.652377E-12
         641.0000     0.647381E-12
         643.0000     0.643823E-12
         645.0000     0.637535E-12
         647.0000     0.634057E-12
         649.0000     0.628336E-12
         651.0000     0.624933E-12
         653.0000     0.615722E-12
         655.0000     0.574473E-12
         657.0000     0.488018E-12
         659.0000     0.596624E-12
         661.0000     0.605729E-12
         663.0000     0.605130E-12
         665.0000     0.602795E-12
         667.0000     0.600046E-12
         669.0000     0.597319E-12
         671.0000     0.593339E-12
         673.0000     0.590240E-12
         675.0000     0.586327E-12
         677.0000     0.583286E-12
         679.0000     0.579855E-12
         681.0000     0.576454E-12
         683.0000     0.573083E-12
         685.0000     0.569333E-12
         687.0000     0.566429E-12
         689.0000     0.563145E-12
         691.0000     0.559890E-12
         693.0000     0.556663E-12
         695.0000     0.553464E-12
         697.0000     0.550292E-12
         699.0000     0.547148E-12
         701.0000     0.543251E-12
         703.0000     0.540551E-12
         705.0000     0.537489E-12
         707.0000     0.534452E-12
         709.0000     0.531441E-12
         711.0000     0.527698E-12
         713.0000     0.524742E-12
         715.0000     0.521436E-12
         717.0000     0.518531E-12
         719.0000     0.515280E-12
         721.0000     0.512425E-12
         723.0000     0.509960E-12
         725.0000     0.507150E-12
         727.0000     0.504001E-12
         729.0000     0.500519E-12
         731.0000     0.498501E-12
         733.0000     0.495071E-12
         735.0000     0.492735E-12
         737.0000     0.490065E-12
         739.0000     0.486714E-12
         741.0000     0.483044E-12
         743.0000     0.480794E-12
         745.0000     0.478561E-12
         747.0000     0.476002E-12
         749.0000     0.473122E-12
         751.0000     0.470605E-12
         753.0000     0.468109E-12
         755.0000     0.465296E-12
         757.0000     0.462506E-12
         759.0000     0.460072E-12
         761.0000     0.457327E-12
         763.0000     0.454932E-12
         765.0000     0.452229E-12
         767.0000     0.448897E-12
         769.0000     0.446889E-12
         771.0000     0.444252E-12
         773.0000     0.441956E-12
         775.0000     0.439040E-12
         777.0000     0.435197E-12
         779.0000     0.434858E-12
         781.0000     0.432320E-12
         783.0000     0.429490E-12
         785.0000     0.427304E-12
         787.0000     0.424826E-12
         789.0000     0.422367E-12
         791.0000     0.420234E-12
         793.0000     0.416899E-12
         795.0000     0.414804E-12
         797.0000     0.413328E-12
         799.0000     0.410961E-12
         801.0000     0.408613E-12
         803.0000     0.406283E-12
         805.0000     0.403971E-12
         807.0000     0.401971E-12
         809.0000     0.399401E-12
         811.0000     0.397433E-12
         813.0000     0.395191E-12
         815.0000     0.392965E-12
         817.0000     0.390757E-12
         819.0000     0.387423E-12
         821.0000     0.386106E-12
         823.0000     0.383666E-12
         825.0000     0.381808E-12
         827.0000     0.380524E-12
         829.0000     0.378411E-12
         831.0000     0.375760E-12
         833.0000     0.373130E-12
         835.0000     0.371894E-12
         837.0000     0.370119E-12
         839.0000     0.367540E-12
         841.0000     0.365794E-12
         843.0000     0.363791E-12
         845.0000     0.361266E-12
         847.0000     0.358762E-12
         849.0000     0.357870E-12
         851.0000     0.349050E-12
         853.0000     0.354259E-12
         855.0000     0.334528E-12
         857.0000     0.351742E-12
         859.0000     0.345953E-12
         861.0000     0.342281E-12
         863.0000     0.347125E-12
         865.0000     0.342962E-12
         867.0000     0.318962E-12
         869.0000     0.339812E-12
         871.0000     0.341030E-12
         873.0000     0.336956E-12
         875.0000     0.315158E-12
         877.0000     0.331400E-12
         879.0000     0.334355E-12
         881.0000     0.331358E-12
         883.0000     0.330104E-12
         885.0000     0.321279E-12
         887.0000     0.300846E-12
         889.0000     0.323240E-12
         891.0000     0.324203E-12
         893.0000     0.322993E-12
         895.0000     0.322029E-12
         897.0000     0.319643E-12
         899.0000     0.315379E-12
         901.0000     0.288503E-12
         903.0000     0.301787E-12
         905.0000     0.311678E-12
         907.0000     0.310538E-12
         909.0000     0.308246E-12
         911.0000     0.308971E-12
         913.0000     0.308078E-12
         915.0000     0.306275E-12
         917.0000     0.304030E-12
         919.0000     0.301347E-12
         921.0000     0.294170E-12
         923.0000     0.264124E-12
         925.0000     0.288946E-12
         927.0000     0.294386E-12
         929.0000     0.294673E-12
         931.0000     0.294071E-12
         933.0000     0.292592E-12
         935.0000     0.291122E-12
         937.0000     0.289663E-12
         939.0000     0.288213E-12
         941.0000     0.283961E-12
         943.0000     0.284911E-12
         945.0000     0.283492E-12
         947.0000     0.282083E-12
         949.0000     0.279832E-12
         951.0000     0.276962E-12
         953.0000     0.269475E-12
         955.0000     0.241681E-12
         957.0000     0.268482E-12
         959.0000     0.271736E-12
         961.0000     0.271228E-12
         963.0000     0.270309E-12
         965.0000     0.269395E-12
         967.0000     0.267668E-12
         969.0000     0.266768E-12
         971.0000     0.265670E-12
         973.0000     0.264377E-12
         975.0000     0.262890E-12
         977.0000     0.261615E-12
         979.0000     0.260347E-12
         981.0000     0.259087E-12
         983.0000     0.257638E-12
         985.0000     0.256395E-12
         987.0000     0.255161E-12
         989.0000     0.253542E-12
         991.0000     0.252520E-12
         993.0000     0.251310E-12
         995.0000     0.250107E-12
         997.0000     0.248527E-12
         999.0000     0.246765E-12
        1002.5000     0.237614E-12
        1007.5000     0.229601E-12
        1012.5000     0.238921E-12
        1017.5000     0.236394E-12
        1022.5000     0.233721E-12
        1027.5000     0.231089E-12
        1032.5000     0.228138E-12
        1037.5000     0.225410E-12
        1042.5000     0.222725E-12
        1047.5000     0.219556E-12
        1052.5000     0.217475E-12
        1057.5000     0.214739E-12
        1062.5000     0.212044E-12
        1067.5000     0.208214E-12
        1072.5000     0.206776E-12
        1077.5000     0.204367E-12
        1082.5000     0.201339E-12
        1087.5000     0.198359E-12
        1092.5000     0.182428E-12
        1097.5000     0.190468E-12
        1102.5000     0.192683E-12
        1107.5000     0.191259E-12
        1112.5000     0.188925E-12
        1117.5000     0.186778E-12
        1122.5000     0.184662E-12
        1127.5000     0.182274E-12
        1132.5000     0.180370E-12
        1137.5000     0.178492E-12
        1142.5000     0.176346E-12
        1147.5000     0.174522E-12
        1152.5000     0.172578E-12
        1157.5000     0.170662E-12
        1162.5000     0.168630E-12
        1167.5000     0.166627E-12
        1172.5000     0.165209E-12
        1177.5000     0.162704E-12
        1182.5000     0.160783E-12
        1187.5000     0.159432E-12
        1192.5000     0.158097E-12
        1197.5000     0.155311E-12
        1202.5000     0.154155E-12
        1207.5000     0.152355E-12
        1212.5000     0.151231E-12
        1217.5000     0.149733E-12
        1222.5000     0.148127E-12
        1227.5000     0.146414E-12
        1232.5000     0.144976E-12
        1237.5000     0.143432E-12
        1242.5000     0.141908E-12
        1247.5000     0.140527E-12
        1252.5000     0.139041E-12
        1257.5000     0.137574E-12
        1262.5000     0.136126E-12
        1267.5000     0.134577E-12
        1272.5000     0.132694E-12
        1277.5000     0.129193E-12
        1282.5000     0.116091E-12
        1287.5000     0.127194E-12
        1292.5000     0.127358E-12
        1297.5000     0.126606E-12
        1302.5000     0.125297E-12
        1307.5000     0.124117E-12
        1312.5000     0.122728E-12
        1317.5000     0.121467E-12
        1322.5000     0.120441E-12
        1327.5000     0.119210E-12
        1332.5000     0.117993E-12
        1337.5000     0.116791E-12
        1342.5000     0.115710E-12
        1347.5000     0.114537E-12
        1352.5000     0.113378E-12
        1357.5000     0.112232E-12
        1362.5000     0.111204E-12
        1367.5000     0.110085E-12
        1372.5000     0.108878E-12
        1377.5000     0.107887E-12
        1382.5000     0.106907E-12
        1387.5000     0.105939E-12
        1392.5000     0.104884E-12
        1397.5000     0.103840E-12
        1402.5000     0.102809E-12
        1407.5000     0.101887E-12
        1412.5000     0.100783E-12
        1417.5000     0.998823E-13
        1422.5000     0.988975E-13
        1427.5000     0.978300E-13
        1432.5000     0.970549E-13
        1437.5000     0.961029E-13
        1442.5000     0.948856E-13
        1447.5000     0.943227E-13
        1452.5000     0.931298E-13
        1457.0000     0.925554E-13
        1462.0000     0.917442E-13
        1467.5000     0.907910E-13
        1472.5000     0.899106E-13
        1477.5000     0.890399E-13
        1482.5000     0.882660E-13
        1487.5000     0.868947E-13
        1492.5000     0.866573E-13
        1497.5000     0.858234E-13
        1502.5000     0.844473E-13
        1507.5000     0.839892E-13
        1512.5000     0.834515E-13
        1517.5000     0.826780E-13
        1522.5000     0.818549E-13
        1527.5000     0.810655E-13
        1532.5000     0.802928E-13
        1537.5000     0.795527E-13
        1542.5000     0.786192E-13
        1547.5000     0.780560E-13
        1552.5000     0.773078E-13
        1557.5000     0.762280E-13
        1562.5000     0.760390E-13
        1567.5000     0.748766E-13
        1572.5000     0.737662E-13
        1577.5000     0.735302E-13
        1582.5000     0.730739E-13
        1587.5000     0.705094E-13
        1592.5000     0.713813E-13
        1597.5000     0.711828E-13
        1605.0000     0.697088E-13
        1615.0000     0.672108E-13
        1625.0000     0.677206E-13
        1635.0000     0.652757E-13
        1645.0000     0.624110E-13
        1655.0000     0.637146E-13
        1665.0000     0.624127E-13
        1675.0000     0.595811E-13
        1685.0000     0.565625E-13
        1695.0000     0.585166E-13
        1705.0000     0.574831E-13
        1715.0000     0.562222E-13
        1725.0000     0.546905E-13
        1735.0000     0.496978E-13
        1745.0000     0.519787E-13
        1755.0000     0.517238E-13
        1765.0000     0.507767E-13
        1775.0000     0.497807E-13
        1785.0000     0.487857E-13
        1795.0000     0.477622E-13
        1805.0000     0.465056E-13
        1815.0000     0.422741E-13
        1825.0000     0.438647E-13
        1835.0000     0.439453E-13
        1845.0000     0.431664E-13
        1855.0000     0.422737E-13
        1865.0000     0.411114E-13
        1875.0000     0.368937E-13
        1885.0000     0.394082E-13
        1895.0000     0.390201E-13
        1905.0000     0.384637E-13
        1915.0000     0.377289E-13
        1925.0000     0.369451E-13
        1935.0000     0.358789E-13
        1945.0000     0.325091E-13
        1955.0000     0.345473E-13
        1965.0000     0.342660E-13
        1975.0000     0.336499E-13
        1985.0000     0.330784E-13
        1995.0000     0.324637E-13
        2005.0000     0.318882E-13
        2015.0000     0.313131E-13
        2025.0000     0.307384E-13
        2035.0000     0.301596E-13
        2045.0000     0.296501E-13
        2055.0000     0.291219E-13
        2065.0000     0.285756E-13
        2075.0000     0.280918E-13
        2085.0000     0.276027E-13
        2095.0000     0.270999E-13
        2105.0000     0.266442E-13
        2115.0000     0.261745E-13
        2125.0000     0.257209E-13
        2135.0000     0.252747E-13
        2145.0000     0.248065E-13
        2155.0000     0.241933E-13
        2165.0000     0.220378E-13
        2175.0000     0.232403E-13
        2185.0000     0.231204E-13
        2195.0000     0.228148E-13
        2205.0000     0.224153E-13
        2215.0000     0.220533E-13
        2225.0000     0.216931E-13
        2235.0000     0.213346E-13
        2245.0000     0.209815E-13
        2255.0000     0.206226E-13
        2265.0000     0.202953E-13
        2275.0000     0.199693E-13
        2285.0000     0.196409E-13
        2295.0000     0.193283E-13
        2305.0000     0.190240E-13
        2315.0000     0.187170E-13
        2325.0000     0.184218E-13
        2335.0000     0.181308E-13
        2345.0000     0.178442E-13
        2355.0000     0.175652E-13
        2365.0000     0.172903E-13
        2375.0000     0.170160E-13
        2385.0000     0.167490E-13
        2395.0000     0.164960E-13
        2405.0000     0.162399E-13
        2415.0000     0.159874E-13
        2425.0000     0.157451E-13
        2435.0000     0.154998E-13
        2445.0000     0.152644E-13
        2455.0000     0.150291E-13
        2465.0000     0.148065E-13
        2475.0000     0.145808E-13
        2485.0000     0.143459E-13
        2495.0000     0.141296E-13
        2505.0000     0.139468E-13
        2515.0000     0.137392E-13
        2525.0000     0.134924E-13
        2535.0000     0.133355E-13
        2545.0000     0.131482E-13
        2555.0000     0.129398E-13
        2565.0000     0.126790E-13
        2575.0000     0.125750E-13
        2585.0000     0.123919E-13
        2595.0000     0.122170E-13
        2605.0000     0.119907E-13
        2615.0000     0.116583E-13
        2625.0000     0.108804E-13
        2635.0000     0.114103E-13
        2645.0000     0.113570E-13
        2655.0000     0.112092E-13
        2665.0000     0.110174E-13
        2675.0000     0.106916E-13
        2685.0000     0.107263E-13
        2695.0000     0.106205E-13
        2705.0000     0.104819E-13
        2715.0000     0.103373E-13
        2725.0000     0.101945E-13
        2735.0000     0.100536E-13
        2745.0000     0.988132E-14
        2755.0000     0.951452E-14
        2765.0000     0.953099E-14
        2775.0000     0.949972E-14
        2785.0000     0.938965E-14
        2795.0000     0.926375E-14
        2805.0000     0.913940E-14
        2815.0000     0.901900E-14
        2825.0000     0.889767E-14
        2835.0000     0.878021E-14
        2845.0000     0.866181E-14
        2855.0000     0.853310E-14
        2865.0000     0.834532E-14
        2875.0000     0.800935E-14
        2885.0000     0.817480E-14
        2895.0000     0.810471E-14
        2905.0000     0.800362E-14
        2915.0000     0.790148E-14
        2925.0000     0.779830E-14
        2935.0000     0.769856E-14
        2945.0000     0.760000E-14
        2955.0000     0.750260E-14
        2965.0000     0.740851E-14
        2975.0000     0.731335E-14
        2985.0000     0.722145E-14
        2995.0000     0.712847E-14
        3005.0000     0.704081E-14
        3015.0000     0.694994E-14
        3025.0000     0.683919E-14
        3035.0000     0.653432E-14
        3045.0000     0.655757E-14
        3055.0000     0.659473E-14
        3065.0000     0.652934E-14
        3075.0000     0.645049E-14
        3085.0000     0.637051E-14
        3095.0000     0.629342E-14
        3105.0000     0.621720E-14
        3115.0000     0.613392E-14
        3125.0000     0.606531E-14
        3135.0000     0.599356E-14
        3145.0000     0.592065E-14
        3155.0000     0.584663E-14
        3165.0000     0.577915E-14
        3175.0000     0.571051E-14
        3185.0000     0.564262E-14
        3195.0000     0.557546E-14
        3210.0000     0.547701E-14
        3230.0000     0.534882E-14
        3250.0000     0.522517E-14
        3270.0000     0.510056E-14
        3290.0000     0.483881E-14
        3310.0000     0.483994E-14
        3330.0000     0.476299E-14
        3350.0000     0.466021E-14
        3370.0000     0.455447E-14
        3390.0000     0.445257E-14
        3410.0000     0.435273E-14
        3430.0000     0.425817E-14
        3450.0000     0.416550E-14
        3470.0000     0.407309E-14
        3490.0000     0.398566E-14
        3510.0000     0.389840E-14
        3530.0000     0.381440E-14
        3550.0000     0.373355E-14
        3570.0000     0.365277E-14
        3590.0000     0.357652E-14
        3610.0000     0.350173E-14
        3630.0000     0.342837E-14
        3650.0000     0.335497E-14
        3670.0000     0.328580E-14
        3690.0000     0.321512E-14
        3710.0000     0.315133E-14
        3730.0000     0.304743E-14
        3750.0000     0.296190E-14
        3770.0000     0.296289E-14
        3790.0000     0.290504E-14
        3810.0000     0.284296E-14
        3830.0000     0.278724E-14
        3850.0000     0.273510E-14
        3870.0000     0.268133E-14
        3890.0000     0.262725E-14
        3910.0000     0.256913E-14
        3930.0000     0.252693E-14
        3950.0000     0.247808E-14
        3970.0000     0.243131E-14
        3990.0000     0.238414E-14
        4010.0000     0.233302E-14
        4030.0000     0.228398E-14
        4050.0000     0.219610E-14
        4070.0000     0.220578E-14
        4090.0000     0.216709E-14
        4110.0000     0.212678E-14
        4130.0000     0.208827E-14
        4150.0000     0.204817E-14
        4170.0000     0.199443E-14
        4190.0000     0.197435E-14
        4210.0000     0.193835E-14
        4230.0000     0.190401E-14
        4250.0000     0.187023E-14
        4270.0000     0.183594E-14
        4290.0000     0.180326E-14
        4310.0000     0.177110E-14
        4330.0000     0.174047E-14
        4350.0000     0.170932E-14
        4370.0000     0.166163E-14
        4390.0000     0.164553E-14
        4410.0000     0.162079E-14
        4430.0000     0.159350E-14
        4450.0000     0.156567E-14
        4470.0000     0.154019E-14
        4490.0000     0.151320E-14
        4510.0000     0.148757E-14
        4530.0000     0.146233E-14
        4550.0000     0.143748E-14
        4570.0000     0.141392E-14
        4590.0000     0.138981E-14
        4610.0000     0.136696E-14
        4630.0000     0.134357E-14
        4650.0000     0.128864E-14
        4670.0000     0.127850E-14
        4690.0000     0.127720E-14
        4710.0000     0.125774E-14
        4730.0000     0.123771E-14
        4750.0000     0.121713E-14
        4770.0000     0.119768E-14
        4790.0000     0.117852E-14
        4810.0000     0.115964E-14
        4830.0000     0.114102E-14
        4850.0000     0.112349E-14
        4870.0000     0.110540E-14
        4890.0000     0.108837E-14
        4910.0000     0.107078E-14
        4930.0000     0.105423E-14
        4950.0000     0.103791E-14
        4970.0000     0.102182E-14
        4990.0000     0.100596E-14
        5010.0000     0.990314E-15
        5030.0000     0.975642E-15
        5050.0000     0.960420E-15
        5070.0000     0.946153E-15
        5090.0000     0.931340E-15
        5110.0000     0.916731E-15
        5130.0000     0.887766E-15
        5150.0000     0.889549E-15
        5170.0000     0.876948E-15
        5190.0000     0.863804E-15
        5210.0000     0.850835E-15
        5230.0000     0.838739E-15
        5250.0000     0.826108E-15
        5270.0000     0.814333E-15
        5290.0000     0.802028E-15
        5310.0000     0.790565E-15
        5330.0000     0.779250E-15
        5350.0000     0.768082E-15
        5370.0000     0.757059E-15
        5390.0000     0.746178E-15
        5410.0000     0.735437E-15
        5430.0000     0.724833E-15
        5450.0000     0.714365E-15
        5470.0000     0.704671E-15
        5490.0000     0.694463E-15
        5510.0000     0.685015E-15
        5530.0000     0.675059E-15
        5550.0000     0.665851E-15
        5570.0000     0.656757E-15
        5590.0000     0.647163E-15
        5610.0000     0.638906E-15
        5630.0000     0.629542E-15
        5650.0000     0.621493E-15
        5670.0000     0.612947E-15
        5690.0000     0.604505E-15
        5710.0000     0.594991E-15
        5730.0000     0.587929E-15
        5750.0000     0.580371E-15
        5770.0000     0.572500E-15
        5790.0000     0.564839E-15
        5810.0000     0.557326E-15
        5830.0000     0.549903E-15
        5850.0000     0.542736E-15
        5870.0000     0.535598E-15
        5890.0000     0.527937E-15
        5910.0000     0.512034E-15
        5930.0000     0.514576E-15
        5950.0000     0.506417E-15
        5970.0000     0.500988E-15
        5990.0000     0.495033E-15
        6010.0000     0.488615E-15
        6030.0000     0.482377E-15
        6050.0000     0.476211E-15
        6070.0000     0.470116E-15
        6090.0000     0.464090E-15
        6110.0000     0.458184E-15
        6130.0000     0.452447E-15
        6150.0000     0.446724E-15
        6170.0000     0.441116E-15
        6190.0000     0.435622E-15
        6210.0000     0.430139E-15
        6230.0000     0.424717E-15
        6250.0000     0.419503E-15
        6270.0000     0.414298E-15
        6290.0000     0.406779E-15
        6310.0000     0.404012E-15
        6330.0000     0.399264E-15
        6350.0000     0.394379E-15
        6370.0000     0.389546E-15
        6390.0000     0.384860E-15
        6420.0000     0.377880E-15
        6460.0000     0.368810E-15
        6500.0000     0.360024E-15
        6540.0000     0.351559E-15
        6580.0000     0.343273E-15
        6620.0000     0.335292E-15
        6660.0000     0.327477E-15
        6700.0000     0.319910E-15
        6740.0000     0.312540E-15
        6780.0000     0.304073E-15
        6820.0000     0.298499E-15
        6860.0000     0.291772E-15
        6900.0000     0.285222E-15
        6940.0000     0.278842E-15
        6980.0000     0.272668E-15
        7020.0000     0.266616E-15
        7060.0000     0.260799E-15
        7100.0000     0.255095E-15
        7140.0000     0.249578E-15
        7180.0000     0.244168E-15
        7220.0000     0.238935E-15
        7260.0000     0.233839E-15
        7300.0000     0.228875E-15
        7340.0000     0.224006E-15
        7380.0000     0.219299E-15
        7420.0000     0.214715E-15
        7460.0000     0.208151E-15
        7500.0000     0.203077E-15
        7540.0000     0.201636E-15
        7580.0000     0.197547E-15
        7620.0000     0.193499E-15
        7660.0000     0.189591E-15
        7700.0000     0.185753E-15
        7740.0000     0.182048E-15
        7780.0000     0.178409E-15
        7820.0000     0.174866E-15
        7860.0000     0.171417E-15
        7900.0000     0.168028E-15
        7940.0000     0.164730E-15
        7980.0000     0.161519E-15
        8020.0000     0.158393E-15
        8060.0000     0.155351E-15
        8100.0000     0.152361E-15
        8140.0000     0.149336E-15
        8180.0000     0.146591E-15
        8220.0000     0.143835E-15
        8260.0000     0.141127E-15
        8300.0000     0.138491E-15
        8340.0000     0.135899E-15
        8380.0000     0.133378E-15
        8420.0000     0.130898E-15
        8460.0000     0.128486E-15
        8500.0000     0.126140E-15
        8540.0000     0.123832E-15
        8580.0000     0.121587E-15
        8620.0000     0.119405E-15
        8660.0000     0.117078E-15
        8700.0000     0.115144E-15
        8740.0000     0.112714E-15
        8780.0000     0.110720E-15
        8820.0000     0.109127E-15
        8860.0000     0.107193E-15
        8900.0000     0.105337E-15
        8940.0000     0.103486E-15
        8980.0000     0.101687E-15
        9020.0000     0.999402E-16
        9060.0000     0.982198E-16
        9100.0000     0.965257E-16
        9140.0000     0.948804E-16
        9180.0000     0.932827E-16
        9220.0000     0.916866E-16
        9260.0000     0.901369E-16
        9300.0000     0.886325E-16
        9340.0000     0.871506E-16
        9380.0000     0.854947E-16
        9420.0000     0.842738E-16
        9460.0000     0.828993E-16
        9500.0000     0.815237E-16
        9540.0000     0.801892E-16
        9580.0000     0.788949E-16
        9620.0000     0.775987E-16
        9660.0000     0.763623E-16
        9700.0000     0.751232E-16
        9740.0000     0.739220E-16
        9780.0000     0.727380E-16
        9820.0000     0.715707E-16
        9860.0000     0.704397E-16
        9900.0000     0.693245E-16
        9940.0000     0.682444E-16
        9980.0000     0.671793E-16
       10020.0000     0.661290E-16
       20000.0000     0.431167E-17
       40000.0000     0.273010E-18
       60000.0000     0.539398E-19
       80000.0000     0.170168E-19
      100000.0000     0.694961E-20
      120000.0000     0.334065E-20
      140000.0000     0.179778E-20
      160000.0000     0.105102E-20
