#FILENAME  G   BP   RP  V  g  r
# FT7000G500M050K200A020.DAT     3.88755    4.05994    3.58317    3.98702    4.11851    3.95296
           9.0900     0.000000E+00
           9.3500     0.000000E+00
           9.6100     0.000000E+00
           9.7700     0.000000E+00
           9.9600     0.000000E+00
          10.2000     0.000000E+00
          10.3800     0.000000E+00
          10.5600     0.000000E+00
          10.7700     0.000000E+00
          11.0400     0.000000E+00
          11.4000     0.000000E+00
          11.7800     0.000000E+00
          12.1300     0.000000E+00
          12.4800     0.000000E+00
          12.7100     0.000000E+00
          12.8400     0.000000E+00
          13.0500     0.000000E+00
          13.2400     0.000000E+00
          13.3900     0.000000E+00
          13.6600     0.000000E+00
          13.9800     0.000000E+00
          14.3300     0.000000E+00
          14.7200     0.000000E+00
          15.1000     0.000000E+00
          15.5200     0.000000E+00
          15.8800     0.000000E+00
          16.2000     0.000000E+00
          16.6000     0.000000E+00
          17.0300     0.000000E+00
          17.3400     0.000000E+00
          17.6800     0.000000E+00
          18.0200     0.000000E+00
          18.1700     0.000000E+00
          18.6100     0.000000E+00
          19.1000     0.000000E+00
          19.3900     0.000000E+00
          19.8400     0.000000E+00
          20.1800     0.000000E+00
          20.5000     0.000000E+00
          21.0500     0.000000E+00
          21.6200     0.000000E+00
          21.9800     0.000000E+00
          22.3000     0.000000E+00
          22.6800     0.000000E+00
          23.0000     0.000000E+00
          23.4000     0.000000E+00
          24.0000     0.000000E+00
          24.6500     0.000000E+00
          25.2400     0.000000E+00
          25.6800     0.000000E+00
          26.0000     0.000000E+00
          26.4000     0.000000E+00
          26.8500     0.000000E+00
          27.3500     0.000000E+00
          27.8500     0.000000E+00
          28.4000     0.000000E+00
          29.0000     0.000000E+00
          29.6000     0.000000E+00
          30.1000     0.000000E+00
          30.8000     0.000000E+00
          31.8000     0.000000E+00
          32.8000     0.000000E+00
          33.8000     0.000000E+00
          34.8000     0.000000E+00
          35.7000     0.000000E+00
          36.6000     0.000000E+00
          37.5000     0.000000E+00
          38.5000     0.000000E+00
          39.5000     0.000000E+00
          40.5000     0.000000E+00
          41.4000     0.000000E+00
          42.2000     0.000000E+00
          43.0000     0.000000E+00
          44.1000     0.427057E-37
          45.1000     0.165798E-36
          46.0000     0.532875E-36
          47.0000     0.184393E-35
          48.0000     0.603348E-35
          49.0000     0.187514E-34
          50.0000     0.554667E-34
          50.6000     0.137174E-33
          51.2000     0.284612E-33
          52.0000     0.627268E-33
          53.0000     0.163619E-32
          54.0000     0.404085E-32
          55.0000     0.974920E-32
          56.0000     0.225943E-31
          57.0000     0.507136E-31
          58.0000     0.109129E-30
          59.0000     0.233422E-30
          60.0000     0.480191E-30
          61.0000     0.962914E-30
          62.0000     0.188264E-29
          63.0000     0.359603E-29
          64.0000     0.671847E-29
          65.0000     0.122924E-28
          65.8000     0.196428E-28
          66.5000     0.292736E-28
          67.5000     0.509832E-28
          68.5000     0.872569E-28
          69.5000     0.146692E-27
          70.5000     0.242197E-27
          71.6000     0.414266E-27
          72.6000     0.663076E-27
          73.5000     0.100071E-26
          74.5000     0.155990E-26
          75.5000     0.239972E-26
          76.5000     0.364532E-26
          77.5000     0.546807E-26
          78.5000     0.811411E-26
          79.5000     0.118321E-25
          80.5000     0.172286E-25
          81.5000     0.247657E-25
          82.5000     0.351984E-25
          83.5000     0.495493E-25
          84.5000     0.691153E-25
          85.5000     0.955382E-25
          86.5000     0.130914E-24
          87.5000     0.177689E-24
          88.5000     0.239810E-24
          89.5000     0.320834E-24
          90.5000     0.425781E-24
          91.5000     0.482172E-21
          92.5000     0.177374E-20
          93.5000     0.239864E-20
          94.5000     0.329597E-20
          95.5000     0.456905E-20
          96.5000     0.603363E-20
          97.5000     0.751000E-20
          98.5000     0.100446E-19
          99.5000     0.126079E-19
         100.5000     0.168612E-19
         101.5000     0.212651E-19
         102.5000     0.253179E-19
         103.5000     0.341628E-19
         104.5000     0.431747E-19
         105.5000     0.537157E-19
         106.5000     0.663540E-19
         107.5000     0.831548E-19
         108.5000     0.103492E-18
         109.5000     0.125983E-18
         110.5000     0.320732E-18
         111.5000     0.873387E-18
         112.5000     0.123333E-17
         113.5000     0.179873E-17
         114.5000     0.223488E-17
         115.5000     0.245905E-17
         116.5000     0.309005E-17
         117.5000     0.363689E-17
         118.5000     0.369851E-17
         119.5000     0.224488E-17
         120.5000     0.186091E-17
         121.5000     0.731385E-18
         122.5000     0.222688E-17
         123.5000     0.526082E-17
         124.5000     0.943905E-17
         125.5000     0.143351E-16
         126.5000     0.162156E-16
         127.5000     0.218523E-16
         128.5000     0.297710E-16
         129.5000     0.352966E-16
         130.5000     0.386035E-16
         131.5000     0.481628E-16
         132.5000     0.561103E-16
         133.5000     0.625795E-16
         134.5000     0.735510E-16
         135.5000     0.794994E-16
         136.5000     0.921524E-16
         137.5000     0.100875E-15
         138.5000     0.109517E-15
         139.5000     0.123796E-15
         140.5000     0.137465E-15
         141.5000     0.153988E-15
         142.5000     0.168055E-15
         143.5000     0.179392E-15
         144.2000     0.205467E-15
         144.7000     0.208623E-15
         145.5000     0.231754E-15
         146.5000     0.244751E-15
         147.5000     0.269434E-15
         148.5000     0.294301E-15
         149.5000     0.332276E-15
         150.5000     0.367697E-15
         151.2000     0.381221E-15
         151.7000     0.408420E-15
         152.5000     0.495219E-15
         153.5000     0.736351E-15
         154.5000     0.863234E-15
         155.5000     0.952749E-15
         156.5000     0.923410E-15
         157.5000     0.113792E-14
         158.5000     0.123871E-14
         159.5000     0.138281E-14
         160.5000     0.144889E-14
         161.5000     0.159327E-14
         162.5000     0.172094E-14
         163.5000     0.216272E-14
         164.5000     0.277626E-14
         165.5000     0.237995E-14
         166.5000     0.365013E-14
         167.2000     0.306545E-14
         167.7000     0.421432E-14
         168.5000     0.632264E-14
         169.5000     0.797196E-14
         170.5000     0.233529E-13
         171.5000     0.616263E-13
         172.5000     0.822481E-13
         173.5000     0.126789E-12
         174.5000     0.126158E-12
         175.5000     0.181242E-12
         176.5000     0.976190E-13
         177.5000     0.155906E-12
         178.5000     0.189385E-12
         179.5000     0.252362E-12
         180.5000     0.186504E-12
         181.5000     0.187129E-12
         182.5000     0.170825E-12
         183.5000     0.183129E-12
         184.5000     0.107902E-12
         185.5000     0.172579E-12
         186.5000     0.251227E-12
         187.5000     0.234119E-12
         188.5000     0.248673E-12
         189.5000     0.266533E-12
         190.5000     0.241737E-12
         191.5000     0.286217E-12
         192.5000     0.258704E-12
         193.5000     0.148528E-12
         194.5000     0.305450E-12
         195.5000     0.325231E-12
         196.7000     0.373542E-12
         197.6000     0.349989E-12
         198.4000     0.320414E-12
         199.5000     0.342584E-12
         200.5000     0.302305E-12
         201.5000     0.321338E-12
         202.5000     0.259936E-12
         203.5000     0.360232E-12
         204.5000     0.394999E-12
         205.5000     0.378240E-12
         206.5000     0.368838E-12
         207.4000     0.442263E-12
         207.8000     0.498925E-12
         208.5000     0.470911E-12
         209.5000     0.429557E-12
         210.5000     0.412952E-12
         211.5000     0.456362E-12
         212.5000     0.427480E-12
         213.5000     0.381053E-12
         214.5000     0.475735E-12
         215.5000     0.466382E-12
         216.5000     0.418367E-12
         217.5000     0.419387E-12
         218.5000     0.488961E-12
         219.5000     0.531020E-12
         220.5000     0.491948E-12
         221.5000     0.410622E-12
         222.5000     0.447555E-12
         223.5000     0.547069E-12
         224.5000     0.500791E-12
         225.5000     0.430830E-12
         226.5000     0.412103E-12
         227.5000     0.451779E-12
         228.5000     0.516788E-12
         229.5000     0.440304E-12
         230.5000     0.499208E-12
         231.5000     0.489902E-12
         232.5000     0.474006E-12
         233.5000     0.387765E-12
         234.5000     0.280513E-12
         235.5000     0.466495E-12
         236.5000     0.306946E-12
         237.5000     0.396542E-12
         238.5000     0.240311E-12
         239.5000     0.306482E-12
         240.5000     0.306389E-12
         241.5000     0.321489E-12
         242.5000     0.465027E-12
         243.5000     0.435377E-12
         244.5000     0.500056E-12
         245.5000     0.505523E-12
         246.5000     0.506157E-12
         247.5000     0.443927E-12
         248.5000     0.386401E-12
         249.5000     0.382080E-12
         250.5000     0.513925E-12
         251.3000     0.355399E-12
         251.8000     0.279899E-12
         252.5000     0.280482E-12
         253.5000     0.276187E-12
         254.5000     0.266097E-12
         255.5000     0.357598E-12
         256.5000     0.361801E-12
         257.5000     0.469035E-12
         258.5000     0.476590E-12
         259.5000     0.455861E-12
         260.5000     0.409191E-12
         261.5000     0.370782E-12
         262.5000     0.494414E-12
         263.5000     0.571757E-12
         264.5000     0.712519E-12
         265.5000     0.786489E-12
         266.5000     0.628254E-12
         267.5000     0.695824E-12
         268.5000     0.739793E-12
         269.5000     0.612762E-12
         270.5000     0.676549E-12
         271.5000     0.569475E-12
         272.5000     0.577166E-12
         273.5000     0.629531E-12
         274.5000     0.427987E-12
         275.5000     0.506634E-12
         276.5000     0.590145E-12
         277.5000     0.633398E-12
         278.5000     0.453557E-12
         279.5000     0.156618E-12
         280.5000     0.214648E-12
         281.5000     0.644525E-12
         282.5000     0.767868E-12
         283.5000     0.736966E-12
         284.5000     0.644963E-12
         285.5000     0.404336E-12
         286.5000     0.725112E-12
         287.5000     0.754134E-12
         288.5000     0.713483E-12
         289.5000     0.735753E-12
         291.0000     0.866362E-12
         293.0000     0.804608E-12
         295.0000     0.795716E-12
         297.0000     0.841698E-12
         299.0000     0.832403E-12
         301.0000     0.851181E-12
         303.0000     0.851663E-12
         305.0000     0.871615E-12
         307.0000     0.883459E-12
         309.0000     0.880884E-12
         311.0000     0.875333E-12
         313.0000     0.878061E-12
         315.0000     0.880649E-12
         317.0000     0.893584E-12
         319.0000     0.823699E-12
         321.0000     0.862903E-12
         323.0000     0.795531E-12
         325.0000     0.866632E-12
         327.0000     0.923044E-12
         329.0000     0.921940E-12
         331.0000     0.940197E-12
         333.0000     0.921512E-12
         335.0000     0.907470E-12
         337.0000     0.873124E-12
         339.0000     0.895513E-12
         341.0000     0.886357E-12
         343.0000     0.901768E-12
         345.0000     0.896492E-12
         347.0000     0.895253E-12
         349.0000     0.908605E-12
         351.0000     0.921285E-12
         353.0000     0.893048E-12
         355.0000     0.946684E-12
         357.0000     0.873449E-12
         359.0000     0.859583E-12
         361.0000     0.874625E-12
         363.0000     0.881146E-12
         364.0000     0.880502E-12
         365.0000     0.937063E-12
         367.0000     0.928299E-12
         369.0000     0.902652E-12
         371.0000     0.901851E-12
         373.0000     0.830816E-12
         375.0000     0.903685E-12
         377.0000     0.950174E-12
         379.0000     0.105576E-11
         381.0000     0.115328E-11
         383.0000     0.915806E-12
         385.0000     0.120799E-11
         387.0000     0.126574E-11
         389.0000     0.965857E-12
         391.0000     0.125513E-11
         393.0000     0.926209E-12
         395.0000     0.122137E-11
         397.0000     0.832063E-12
         399.0000     0.129311E-11
         401.0000     0.137076E-11
         403.0000     0.136898E-11
         405.0000     0.134498E-11
         407.0000     0.131214E-11
         409.0000     0.122951E-11
         411.0000     0.104446E-11
         413.0000     0.132032E-11
         415.0000     0.134877E-11
         417.0000     0.135018E-11
         419.0000     0.132641E-11
         421.0000     0.132789E-11
         423.0000     0.128218E-11
         425.0000     0.130937E-11
         427.0000     0.128873E-11
         429.0000     0.126426E-11
         431.0000     0.118451E-11
         433.0000     0.112763E-11
         435.0000     0.101092E-11
         437.0000     0.127756E-11
         439.0000     0.126594E-11
         441.0000     0.126138E-11
         443.0000     0.126075E-11
         445.0000     0.125138E-11
         447.0000     0.125841E-11
         449.0000     0.125863E-11
         451.0000     0.128609E-11
         453.0000     0.123743E-11
         455.0000     0.123768E-11
         457.0000     0.126629E-11
         459.0000     0.123438E-11
         461.0000     0.124532E-11
         463.0000     0.122743E-11
         465.0000     0.122841E-11
         467.0000     0.123635E-11
         469.0000     0.121364E-11
         471.0000     0.117401E-11
         473.0000     0.120775E-11
         475.0000     0.120355E-11
         477.0000     0.119600E-11
         479.0000     0.118436E-11
         481.0000     0.117453E-11
         483.0000     0.115087E-11
         485.0000     0.102335E-11
         487.0000     0.869624E-12
         489.0000     0.110518E-11
         491.0000     0.112559E-11
         493.0000     0.110860E-11
         495.0000     0.112076E-11
         497.0000     0.112959E-11
         499.0000     0.109287E-11
         501.0000     0.106737E-11
         503.0000     0.109675E-11
         505.0000     0.108207E-11
         507.0000     0.109366E-11
         509.0000     0.107843E-11
         511.0000     0.107808E-11
         513.0000     0.106314E-11
         515.0000     0.104334E-11
         517.0000     0.998746E-12
         519.0000     0.994618E-12
         521.0000     0.101945E-11
         523.0000     0.101937E-11
         525.0000     0.103593E-11
         527.0000     0.974993E-12
         529.0000     0.101759E-11
         531.0000     0.101673E-11
         533.0000     0.973389E-12
         535.0000     0.998909E-12
         537.0000     0.988161E-12
         539.0000     0.983478E-12
         541.0000     0.961171E-12
         543.0000     0.971640E-12
         545.0000     0.970324E-12
         547.0000     0.963242E-12
         549.0000     0.958143E-12
         551.0000     0.956246E-12
         553.0000     0.948089E-12
         555.0000     0.951216E-12
         557.0000     0.933286E-12
         559.0000     0.922330E-12
         561.0000     0.923067E-12
         563.0000     0.926792E-12
         565.0000     0.920842E-12
         567.0000     0.907209E-12
         569.0000     0.908532E-12
         571.0000     0.898654E-12
         573.0000     0.905807E-12
         575.0000     0.893145E-12
         577.0000     0.890991E-12
         579.0000     0.883704E-12
         581.0000     0.881034E-12
         583.0000     0.877253E-12
         585.0000     0.866789E-12
         587.0000     0.862559E-12
         589.0000     0.841807E-12
         591.0000     0.852568E-12
         593.0000     0.847371E-12
         595.0000     0.843307E-12
         597.0000     0.838203E-12
         599.0000     0.832082E-12
         601.0000     0.824432E-12
         603.0000     0.817392E-12
         605.0000     0.818275E-12
         607.0000     0.813931E-12
         609.0000     0.806529E-12
         611.0000     0.798693E-12
         613.0000     0.783806E-12
         615.0000     0.781755E-12
         617.0000     0.771162E-12
         619.0000     0.781180E-12
         621.0000     0.777646E-12
         623.0000     0.767234E-12
         625.0000     0.754488E-12
         627.0000     0.763321E-12
         629.0000     0.759443E-12
         631.0000     0.748865E-12
         633.0000     0.745574E-12
         635.0000     0.740410E-12
         637.0000     0.736240E-12
         639.0000     0.733983E-12
         641.0000     0.723817E-12
         643.0000     0.722100E-12
         645.0000     0.712566E-12
         647.0000     0.709540E-12
         649.0000     0.701081E-12
         651.0000     0.699943E-12
         653.0000     0.687579E-12
         655.0000     0.632947E-12
         657.0000     0.531052E-12
         659.0000     0.662327E-12
         661.0000     0.678925E-12
         663.0000     0.678756E-12
         665.0000     0.676845E-12
         667.0000     0.671501E-12
         669.0000     0.670915E-12
         671.0000     0.665645E-12
         673.0000     0.662540E-12
         675.0000     0.656939E-12
         677.0000     0.654317E-12
         679.0000     0.650052E-12
         681.0000     0.645827E-12
         683.0000     0.642460E-12
         685.0000     0.636674E-12
         687.0000     0.634189E-12
         689.0000     0.630916E-12
         691.0000     0.626868E-12
         693.0000     0.623255E-12
         695.0000     0.619277E-12
         697.0000     0.615728E-12
         699.0000     0.612210E-12
         701.0000     0.604435E-12
         703.0000     0.603713E-12
         705.0000     0.601063E-12
         707.0000     0.596901E-12
         709.0000     0.593538E-12
         711.0000     0.587552E-12
         713.0000     0.584637E-12
         715.0000     0.580247E-12
         717.0000     0.576642E-12
         719.0000     0.571216E-12
         721.0000     0.569893E-12
         723.0000     0.567111E-12
         725.0000     0.564350E-12
         727.0000     0.561612E-12
         729.0000     0.554571E-12
         731.0000     0.554407E-12
         733.0000     0.549960E-12
         735.0000     0.548744E-12
         737.0000     0.545770E-12
         739.0000     0.539664E-12
         741.0000     0.533267E-12
         743.0000     0.532481E-12
         745.0000     0.530661E-12
         747.0000     0.528510E-12
         749.0000     0.524325E-12
         751.0000     0.521876E-12
         753.0000     0.519783E-12
         755.0000     0.517369E-12
         757.0000     0.513636E-12
         759.0000     0.510600E-12
         761.0000     0.507259E-12
         763.0000     0.504932E-12
         765.0000     0.501313E-12
         767.0000     0.495447E-12
         769.0000     0.494493E-12
         771.0000     0.491931E-12
         773.0000     0.490029E-12
         775.0000     0.485271E-12
         777.0000     0.479922E-12
         779.0000     0.482194E-12
         781.0000     0.478786E-12
         783.0000     0.474781E-12
         785.0000     0.472054E-12
         787.0000     0.470586E-12
         789.0000     0.467588E-12
         791.0000     0.464614E-12
         793.0000     0.458314E-12
         795.0000     0.456920E-12
         797.0000     0.457343E-12
         799.0000     0.454457E-12
         801.0000     0.450996E-12
         803.0000     0.448752E-12
         805.0000     0.445639E-12
         807.0000     0.444315E-12
         809.0000     0.440658E-12
         811.0000     0.439069E-12
         813.0000     0.437201E-12
         815.0000     0.434482E-12
         817.0000     0.431783E-12
         819.0000     0.424824E-12
         821.0000     0.423893E-12
         823.0000     0.420987E-12
         825.0000     0.420074E-12
         827.0000     0.420004E-12
         829.0000     0.417423E-12
         831.0000     0.413198E-12
         833.0000     0.409008E-12
         835.0000     0.409523E-12
         837.0000     0.408388E-12
         839.0000     0.403995E-12
         841.0000     0.403700E-12
         843.0000     0.400170E-12
         845.0000     0.396133E-12
         847.0000     0.394798E-12
         849.0000     0.391612E-12
         851.0000     0.379196E-12
         853.0000     0.386895E-12
         855.0000     0.352341E-12
         857.0000     0.386420E-12
         859.0000     0.379952E-12
         861.0000     0.376897E-12
         863.0000     0.380552E-12
         865.0000     0.374955E-12
         867.0000     0.340363E-12
         869.0000     0.369482E-12
         871.0000     0.372836E-12
         873.0000     0.367612E-12
         875.0000     0.346924E-12
         877.0000     0.362523E-12
         879.0000     0.365337E-12
         881.0000     0.361459E-12
         883.0000     0.359824E-12
         885.0000     0.349642E-12
         887.0000     0.329081E-12
         889.0000     0.352802E-12
         891.0000     0.354115E-12
         893.0000     0.351810E-12
         895.0000     0.352152E-12
         897.0000     0.349393E-12
         899.0000     0.344049E-12
         901.0000     0.312329E-12
         903.0000     0.327152E-12
         905.0000     0.340438E-12
         907.0000     0.337076E-12
         909.0000     0.332349E-12
         911.0000     0.335737E-12
         913.0000     0.336795E-12
         915.0000     0.335096E-12
         917.0000     0.332497E-12
         919.0000     0.329237E-12
         921.0000     0.318101E-12
         923.0000     0.283456E-12
         925.0000     0.310880E-12
         927.0000     0.319122E-12
         929.0000     0.321966E-12
         931.0000     0.321247E-12
         933.0000     0.319651E-12
         935.0000     0.318285E-12
         937.0000     0.316928E-12
         939.0000     0.314927E-12
         941.0000     0.305588E-12
         943.0000     0.310108E-12
         945.0000     0.308368E-12
         947.0000     0.307707E-12
         949.0000     0.305561E-12
         951.0000     0.301313E-12
         953.0000     0.291193E-12
         955.0000     0.258059E-12
         957.0000     0.290228E-12
         959.0000     0.295682E-12
         961.0000     0.294660E-12
         963.0000     0.292818E-12
         965.0000     0.293250E-12
         967.0000     0.290400E-12
         969.0000     0.290426E-12
         971.0000     0.289840E-12
         973.0000     0.288448E-12
         975.0000     0.285856E-12
         977.0000     0.285088E-12
         979.0000     0.283724E-12
         981.0000     0.282370E-12
         983.0000     0.280825E-12
         985.0000     0.279094E-12
         987.0000     0.277374E-12
         989.0000     0.275079E-12
         991.0000     0.273970E-12
         993.0000     0.273450E-12
         995.0000     0.271965E-12
         997.0000     0.270297E-12
         999.0000     0.268064E-12
        1002.5000     0.256097E-12
        1007.5000     0.246769E-12
        1012.5000     0.258909E-12
        1017.5000     0.256000E-12
        1022.5000     0.253869E-12
        1027.5000     0.251042E-12
        1032.5000     0.247359E-12
        1037.5000     0.244447E-12
        1042.5000     0.241755E-12
        1047.5000     0.237184E-12
        1052.5000     0.235627E-12
        1057.5000     0.232034E-12
        1062.5000     0.229007E-12
        1067.5000     0.223170E-12
        1072.5000     0.222759E-12
        1077.5000     0.220201E-12
        1082.5000     0.216047E-12
        1087.5000     0.212770E-12
        1092.5000     0.193659E-12
        1097.5000     0.202869E-12
        1102.5000     0.207335E-12
        1107.5000     0.206404E-12
        1112.5000     0.203779E-12
        1117.5000     0.201193E-12
        1122.5000     0.199404E-12
        1127.5000     0.195380E-12
        1132.5000     0.193509E-12
        1137.5000     0.191960E-12
        1142.5000     0.189110E-12
        1147.5000     0.188193E-12
        1152.5000     0.185986E-12
        1157.5000     0.183668E-12
        1162.5000     0.180391E-12
        1167.5000     0.178147E-12
        1172.5000     0.177745E-12
        1177.5000     0.173477E-12
        1182.5000     0.172013E-12
        1187.5000     0.170024E-12
        1192.5000     0.169948E-12
        1197.5000     0.165594E-12
        1202.5000     0.165014E-12
        1207.5000     0.162994E-12
        1212.5000     0.161783E-12
        1217.5000     0.160715E-12
        1222.5000     0.158890E-12
        1227.5000     0.156709E-12
        1232.5000     0.155440E-12
        1237.5000     0.153686E-12
        1242.5000     0.151956E-12
        1247.5000     0.150494E-12
        1252.5000     0.148684E-12
        1257.5000     0.146778E-12
        1262.5000     0.145257E-12
        1267.5000     0.143636E-12
        1272.5000     0.141682E-12
        1277.5000     0.137172E-12
        1282.5000     0.121435E-12
        1287.5000     0.134934E-12
        1292.5000     0.135726E-12
        1297.5000     0.134910E-12
        1302.5000     0.133650E-12
        1307.5000     0.132518E-12
        1312.5000     0.130621E-12
        1317.5000     0.129080E-12
        1322.5000     0.128434E-12
        1327.5000     0.126816E-12
        1332.5000     0.125651E-12
        1337.5000     0.124392E-12
        1342.5000     0.123148E-12
        1347.5000     0.121920E-12
        1352.5000     0.120601E-12
        1357.5000     0.119195E-12
        1362.5000     0.118218E-12
        1367.5000     0.116843E-12
        1372.5000     0.115282E-12
        1377.5000     0.114447E-12
        1382.5000     0.113320E-12
        1387.5000     0.112405E-12
        1392.5000     0.111106E-12
        1397.5000     0.110018E-12
        1402.5000     0.108845E-12
        1407.5000     0.107977E-12
        1412.5000     0.106542E-12
        1417.5000     0.105887E-12
        1422.5000     0.104292E-12
        1427.5000     0.103093E-12
        1432.5000     0.102654E-12
        1437.5000     0.101756E-12
        1442.5000     0.992112E-13
        1447.5000     0.997151E-13
        1452.5000     0.979406E-13
        1457.0000     0.976072E-13
        1462.0000     0.966719E-13
        1467.5000     0.957708E-13
        1472.5000     0.945032E-13
        1477.5000     0.935138E-13
        1482.5000     0.928841E-13
        1487.5000     0.908759E-13
        1492.5000     0.913857E-13
        1497.5000     0.902641E-13
        1502.5000     0.883070E-13
        1507.5000     0.878907E-13
        1512.5000     0.878129E-13
        1517.5000     0.870689E-13
        1522.5000     0.859196E-13
        1527.5000     0.852760E-13
        1532.5000     0.843942E-13
        1537.5000     0.835222E-13
        1542.5000     0.825792E-13
        1547.5000     0.819664E-13
        1552.5000     0.811215E-13
        1557.5000     0.801278E-13
        1562.5000     0.797727E-13
        1567.5000     0.784852E-13
        1572.5000     0.775222E-13
        1577.5000     0.763159E-13
        1582.5000     0.762779E-13
        1587.5000     0.739061E-13
        1592.5000     0.746585E-13
        1597.5000     0.741693E-13
        1605.0000     0.727790E-13
        1615.0000     0.705809E-13
        1625.0000     0.706432E-13
        1635.0000     0.681054E-13
        1645.0000     0.655460E-13
        1655.0000     0.664902E-13
        1665.0000     0.651344E-13
        1675.0000     0.620929E-13
        1685.0000     0.592537E-13
        1695.0000     0.611295E-13
        1705.0000     0.599205E-13
        1715.0000     0.585987E-13
        1725.0000     0.568207E-13
        1735.0000     0.517590E-13
        1745.0000     0.539031E-13
        1755.0000     0.538875E-13
        1765.0000     0.528729E-13
        1775.0000     0.519445E-13
        1785.0000     0.509194E-13
        1795.0000     0.498603E-13
        1805.0000     0.484336E-13
        1815.0000     0.439541E-13
        1825.0000     0.455034E-13
        1835.0000     0.457936E-13
        1845.0000     0.448991E-13
        1855.0000     0.440546E-13
        1865.0000     0.427356E-13
        1875.0000     0.379995E-13
        1885.0000     0.409119E-13
        1895.0000     0.404173E-13
        1905.0000     0.401102E-13
        1915.0000     0.393111E-13
        1925.0000     0.384903E-13
        1935.0000     0.372650E-13
        1945.0000     0.335569E-13
        1955.0000     0.359052E-13
        1965.0000     0.356845E-13
        1975.0000     0.350196E-13
        1985.0000     0.345073E-13
        1995.0000     0.338591E-13
        2005.0000     0.332888E-13
        2015.0000     0.327186E-13
        2025.0000     0.320647E-13
        2035.0000     0.313943E-13
        2045.0000     0.309781E-13
        2055.0000     0.304143E-13
        2065.0000     0.297657E-13
        2075.0000     0.293149E-13
        2085.0000     0.288053E-13
        2095.0000     0.282256E-13
        2105.0000     0.278068E-13
        2115.0000     0.272876E-13
        2125.0000     0.268066E-13
        2135.0000     0.263376E-13
        2145.0000     0.258595E-13
        2155.0000     0.251665E-13
        2165.0000     0.227160E-13
        2175.0000     0.240945E-13
        2185.0000     0.240469E-13
        2195.0000     0.238085E-13
        2205.0000     0.233291E-13
        2215.0000     0.229979E-13
        2225.0000     0.226369E-13
        2235.0000     0.222623E-13
        2245.0000     0.218972E-13
        2255.0000     0.214737E-13
        2265.0000     0.211614E-13
        2275.0000     0.208314E-13
        2285.0000     0.204514E-13
        2295.0000     0.201500E-13
        2305.0000     0.198530E-13
        2315.0000     0.195210E-13
        2325.0000     0.192188E-13
        2335.0000     0.189000E-13
        2345.0000     0.186173E-13
        2355.0000     0.183214E-13
        2365.0000     0.180401E-13
        2375.0000     0.177256E-13
        2385.0000     0.174459E-13
        2395.0000     0.172037E-13
        2405.0000     0.169285E-13
        2415.0000     0.166540E-13
        2425.0000     0.164127E-13
        2435.0000     0.161490E-13
        2445.0000     0.159179E-13
        2455.0000     0.156296E-13
        2465.0000     0.154337E-13
        2475.0000     0.151873E-13
        2485.0000     0.149041E-13
        2495.0000     0.147325E-13
        2505.0000     0.145297E-13
        2515.0000     0.143145E-13
        2525.0000     0.140842E-13
        2535.0000     0.138928E-13
        2545.0000     0.136774E-13
        2555.0000     0.134679E-13
        2565.0000     0.132204E-13
        2575.0000     0.130948E-13
        2585.0000     0.128676E-13
        2595.0000     0.127118E-13
        2605.0000     0.124789E-13
        2615.0000     0.121400E-13
        2625.0000     0.111862E-13
        2635.0000     0.118158E-13
        2645.0000     0.117895E-13
        2655.0000     0.116466E-13
        2665.0000     0.114380E-13
        2675.0000     0.111894E-13
        2685.0000     0.111646E-13
        2695.0000     0.110503E-13
        2705.0000     0.109112E-13
        2715.0000     0.107608E-13
        2725.0000     0.106123E-13
        2735.0000     0.104581E-13
        2745.0000     0.102829E-13
        2755.0000     0.994597E-14
        2765.0000     0.991674E-14
        2775.0000     0.987772E-14
        2785.0000     0.976988E-14
        2795.0000     0.964616E-14
        2805.0000     0.951666E-14
        2815.0000     0.938875E-14
        2825.0000     0.926241E-14
        2835.0000     0.914238E-14
        2845.0000     0.900724E-14
        2855.0000     0.887142E-14
        2865.0000     0.866962E-14
        2875.0000     0.836151E-14
        2885.0000     0.849461E-14
        2895.0000     0.842917E-14
        2905.0000     0.833039E-14
        2915.0000     0.821925E-14
        2925.0000     0.810943E-14
        2935.0000     0.801424E-14
        2945.0000     0.790692E-14
        2955.0000     0.780963E-14
        2965.0000     0.770912E-14
        2975.0000     0.760978E-14
        2985.0000     0.751589E-14
        2995.0000     0.741668E-14
        3005.0000     0.732287E-14
        3015.0000     0.722592E-14
        3025.0000     0.710288E-14
        3035.0000     0.679420E-14
        3045.0000     0.680128E-14
        3055.0000     0.684916E-14
        3065.0000     0.678416E-14
        3075.0000     0.670972E-14
        3085.0000     0.662203E-14
        3095.0000     0.654332E-14
        3105.0000     0.646549E-14
        3115.0000     0.636286E-14
        3125.0000     0.630652E-14
        3135.0000     0.623127E-14
        3145.0000     0.615686E-14
        3155.0000     0.607364E-14
        3165.0000     0.601238E-14
        3175.0000     0.593468E-14
        3185.0000     0.586726E-14
        3195.0000     0.579870E-14
        3210.0000     0.569260E-14
        3230.0000     0.556174E-14
        3250.0000     0.543186E-14
        3270.0000     0.529935E-14
        3290.0000     0.501220E-14
        3310.0000     0.501473E-14
        3330.0000     0.493914E-14
        3350.0000     0.483938E-14
        3370.0000     0.472647E-14
        3390.0000     0.462087E-14
        3410.0000     0.451577E-14
        3430.0000     0.442257E-14
        3450.0000     0.432800E-14
        3470.0000     0.423213E-14
        3490.0000     0.413974E-14
        3510.0000     0.405073E-14
        3530.0000     0.396193E-14
        3550.0000     0.387791E-14
        3570.0000     0.379401E-14
        3590.0000     0.371322E-14
        3610.0000     0.363692E-14
        3630.0000     0.356063E-14
        3650.0000     0.348146E-14
        3670.0000     0.340808E-14
        3690.0000     0.333326E-14
        3710.0000     0.326542E-14
        3730.0000     0.315066E-14
        3750.0000     0.305995E-14
        3770.0000     0.307203E-14
        3790.0000     0.301303E-14
        3810.0000     0.295114E-14
        3830.0000     0.289429E-14
        3850.0000     0.283975E-14
        3870.0000     0.278106E-14
        3890.0000     0.272470E-14
        3910.0000     0.266808E-14
        3930.0000     0.262240E-14
        3950.0000     0.257014E-14
        3970.0000     0.252243E-14
        3990.0000     0.247075E-14
        4010.0000     0.241877E-14
        4030.0000     0.237006E-14
        4050.0000     0.226382E-14
        4070.0000     0.228555E-14
        4090.0000     0.224723E-14
        4110.0000     0.220727E-14
        4130.0000     0.216574E-14
        4150.0000     0.212379E-14
        4170.0000     0.207263E-14
        4190.0000     0.204634E-14
        4210.0000     0.200750E-14
        4230.0000     0.197572E-14
        4250.0000     0.193914E-14
        4270.0000     0.190526E-14
        4290.0000     0.187089E-14
        4310.0000     0.183810E-14
        4330.0000     0.180380E-14
        4350.0000     0.177207E-14
        4370.0000     0.172380E-14
        4390.0000     0.170515E-14
        4410.0000     0.167888E-14
        4430.0000     0.165107E-14
        4450.0000     0.162273E-14
        4470.0000     0.159674E-14
        4490.0000     0.156925E-14
        4510.0000     0.154218E-14
        4530.0000     0.151646E-14
        4550.0000     0.149021E-14
        4570.0000     0.146527E-14
        4590.0000     0.144071E-14
        4610.0000     0.141652E-14
        4630.0000     0.139091E-14
        4650.0000     0.132672E-14
        4670.0000     0.132416E-14
        4690.0000     0.132160E-14
        4710.0000     0.130349E-14
        4730.0000     0.128222E-14
        4750.0000     0.126126E-14
        4770.0000     0.124145E-14
        4790.0000     0.122192E-14
        4810.0000     0.120185E-14
        4830.0000     0.118289E-14
        4850.0000     0.116420E-14
        4870.0000     0.114577E-14
        4890.0000     0.112761E-14
        4910.0000     0.110970E-14
        4930.0000     0.109205E-14
        4950.0000     0.107543E-14
        4970.0000     0.105826E-14
        4990.0000     0.104211E-14
        5010.0000     0.102617E-14
        5030.0000     0.101046E-14
        5050.0000     0.994962E-15
        5070.0000     0.979678E-15
        5090.0000     0.964603E-15
        5110.0000     0.947533E-15
        5130.0000     0.918329E-15
        5150.0000     0.920596E-15
        5170.0000     0.907756E-15
        5190.0000     0.894374E-15
        5210.0000     0.881172E-15
        5230.0000     0.868144E-15
        5250.0000     0.855289E-15
        5270.0000     0.843294E-15
        5290.0000     0.830770E-15
        5310.0000     0.818411E-15
        5330.0000     0.806888E-15
        5350.0000     0.794845E-15
        5370.0000     0.783622E-15
        5390.0000     0.771886E-15
        5410.0000     0.761609E-15
        5430.0000     0.750163E-15
        5450.0000     0.740154E-15
        5470.0000     0.728992E-15
        5490.0000     0.719242E-15
        5510.0000     0.708984E-15
        5530.0000     0.698856E-15
        5550.0000     0.689476E-15
        5570.0000     0.679595E-15
        5590.0000     0.669838E-15
        5610.0000     0.660811E-15
        5630.0000     0.651896E-15
        5650.0000     0.643089E-15
        5670.0000     0.634391E-15
        5690.0000     0.625207E-15
        5710.0000     0.616724E-15
        5730.0000     0.608926E-15
        5750.0000     0.600643E-15
        5770.0000     0.592460E-15
        5790.0000     0.584375E-15
        5810.0000     0.576388E-15
        5830.0000     0.569060E-15
        5850.0000     0.561818E-15
        5870.0000     0.554105E-15
        5890.0000     0.545326E-15
        5910.0000     0.528044E-15
        5930.0000     0.531894E-15
        5950.0000     0.523781E-15
        5970.0000     0.518289E-15
        5990.0000     0.512059E-15
        6010.0000     0.505369E-15
        6030.0000     0.499020E-15
        6050.0000     0.492639E-15
        6070.0000     0.486228E-15
        6090.0000     0.479890E-15
        6110.0000     0.473573E-15
        6130.0000     0.467940E-15
        6150.0000     0.462066E-15
        6170.0000     0.456258E-15
        6190.0000     0.450515E-15
        6210.0000     0.444887E-15
        6230.0000     0.438927E-15
        6250.0000     0.433720E-15
        6270.0000     0.428327E-15
        6290.0000     0.421058E-15
        6310.0000     0.417479E-15
        6330.0000     0.412838E-15
        6350.0000     0.407772E-15
        6370.0000     0.402761E-15
        6390.0000     0.397899E-15
        6420.0000     0.390704E-15
        6460.0000     0.381292E-15
        6500.0000     0.372126E-15
        6540.0000     0.363424E-15
        6580.0000     0.354861E-15
        6620.0000     0.346566E-15
        6660.0000     0.338529E-15
        6700.0000     0.330660E-15
        6740.0000     0.322911E-15
        6780.0000     0.314279E-15
        6820.0000     0.308463E-15
        6860.0000     0.301498E-15
        6900.0000     0.294714E-15
        6940.0000     0.288106E-15
        6980.0000     0.281709E-15
        7020.0000     0.275399E-15
        7060.0000     0.269405E-15
        7100.0000     0.263567E-15
        7140.0000     0.257805E-15
        7180.0000     0.252229E-15
        7220.0000     0.246760E-15
        7260.0000     0.241505E-15
        7300.0000     0.236386E-15
        7340.0000     0.231328E-15
        7380.0000     0.226507E-15
        7420.0000     0.221741E-15
        7460.0000     0.214001E-15
        7500.0000     0.209103E-15
        7540.0000     0.208070E-15
        7580.0000     0.203946E-15
        7620.0000     0.199799E-15
        7660.0000     0.195727E-15
        7700.0000     0.191760E-15
        7740.0000     0.187930E-15
        7780.0000     0.184167E-15
        7820.0000     0.180503E-15
        7860.0000     0.176934E-15
        7900.0000     0.173429E-15
        7940.0000     0.170046E-15
        7980.0000     0.166721E-15
        8020.0000     0.163455E-15
        8060.0000     0.160303E-15
        8100.0000     0.157235E-15
        8140.0000     0.154133E-15
        8180.0000     0.151256E-15
        8220.0000     0.148398E-15
        8260.0000     0.145617E-15
        8300.0000     0.142855E-15
        8340.0000     0.140167E-15
        8380.0000     0.137577E-15
        8420.0000     0.135031E-15
        8460.0000     0.132553E-15
        8500.0000     0.130115E-15
        8540.0000     0.127744E-15
        8580.0000     0.125411E-15
        8620.0000     0.123142E-15
        8660.0000     0.120807E-15
        8700.0000     0.118737E-15
        8740.0000     0.116148E-15
        8780.0000     0.114074E-15
        8820.0000     0.112525E-15
        8860.0000     0.110535E-15
        8900.0000     0.108577E-15
        8940.0000     0.106697E-15
        8980.0000     0.104822E-15
        9020.0000     0.103024E-15
        9060.0000     0.101253E-15
        9100.0000     0.995089E-16
        9140.0000     0.977917E-16
        9180.0000     0.961460E-16
        9220.0000     0.945026E-16
        9260.0000     0.929062E-16
        9300.0000     0.913559E-16
        9340.0000     0.898288E-16
        9380.0000     0.881283E-16
        9420.0000     0.868420E-16
        9460.0000     0.854243E-16
        9500.0000     0.840063E-16
        9540.0000     0.826300E-16
        9580.0000     0.812737E-16
        9620.0000     0.799577E-16
        9660.0000     0.786608E-16
        9700.0000     0.774027E-16
        9740.0000     0.761425E-16
        9780.0000     0.749203E-16
        9820.0000     0.737353E-16
        9860.0000     0.725670E-16
        9900.0000     0.714152E-16
        9940.0000     0.702795E-16
        9980.0000     0.691789E-16
       10020.0000     0.681127E-16
       20000.0000     0.440886E-17
       40000.0000     0.276960E-18
       60000.0000     0.544717E-19
       80000.0000     0.171484E-19
      100000.0000     0.698983E-20
      120000.0000     0.335528E-20
      140000.0000     0.180364E-20
      160000.0000     0.105326E-20
