#FILENAME  G   BP   RP  V  g  r
# FT7250G500M225K200A040.DAT     3.82675    3.97689    3.55011    3.92089    4.02143    3.91040
           9.0900     0.000000E+00
           9.3500     0.000000E+00
           9.6100     0.000000E+00
           9.7700     0.000000E+00
           9.9600     0.000000E+00
          10.2000     0.000000E+00
          10.3800     0.000000E+00
          10.5600     0.000000E+00
          10.7700     0.000000E+00
          11.0400     0.000000E+00
          11.4000     0.000000E+00
          11.7800     0.000000E+00
          12.1300     0.000000E+00
          12.4800     0.000000E+00
          12.7100     0.000000E+00
          12.8400     0.000000E+00
          13.0500     0.000000E+00
          13.2400     0.000000E+00
          13.3900     0.000000E+00
          13.6600     0.000000E+00
          13.9800     0.000000E+00
          14.3300     0.000000E+00
          14.7200     0.000000E+00
          15.1000     0.000000E+00
          15.5200     0.000000E+00
          15.8800     0.000000E+00
          16.2000     0.000000E+00
          16.6000     0.000000E+00
          17.0300     0.000000E+00
          17.3400     0.000000E+00
          17.6800     0.000000E+00
          18.0200     0.000000E+00
          18.1700     0.000000E+00
          18.6100     0.000000E+00
          19.1000     0.000000E+00
          19.3900     0.000000E+00
          19.8400     0.000000E+00
          20.1800     0.000000E+00
          20.5000     0.000000E+00
          21.0500     0.000000E+00
          21.6200     0.000000E+00
          21.9800     0.000000E+00
          22.3000     0.000000E+00
          22.6800     0.000000E+00
          23.0000     0.000000E+00
          23.4000     0.000000E+00
          24.0000     0.000000E+00
          24.6500     0.000000E+00
          25.2400     0.000000E+00
          25.6800     0.000000E+00
          26.0000     0.000000E+00
          26.4000     0.000000E+00
          26.8500     0.000000E+00
          27.3500     0.000000E+00
          27.8500     0.000000E+00
          28.4000     0.000000E+00
          29.0000     0.000000E+00
          29.6000     0.000000E+00
          30.1000     0.000000E+00
          30.8000     0.000000E+00
          31.8000     0.000000E+00
          32.8000     0.000000E+00
          33.8000     0.000000E+00
          34.8000     0.000000E+00
          35.7000     0.000000E+00
          36.6000     0.000000E+00
          37.5000     0.000000E+00
          38.5000     0.179196E-37
          39.5000     0.904211E-37
          40.5000     0.419022E-36
          41.4000     0.155753E-35
          42.2000     0.475518E-35
          43.0000     0.138888E-34
          44.1000     0.566488E-34
          45.1000     0.190654E-33
          46.0000     0.541473E-33
          47.0000     0.164281E-32
          48.0000     0.473768E-32
          49.0000     0.130486E-31
          50.0000     0.343555E-31
          50.6000     0.791331E-31
          51.2000     0.153848E-30
          52.0000     0.311333E-30
          53.0000     0.732875E-30
          54.0000     0.163788E-29
          55.0000     0.359138E-29
          56.0000     0.759047E-29
          57.0000     0.155783E-28
          58.0000     0.307633E-28
          59.0000     0.605699E-28
          60.0000     0.114954E-27
          61.0000     0.213169E-27
          62.0000     0.386641E-27
          63.0000     0.686590E-27
          64.0000     0.119549E-26
          65.0000     0.204284E-26
          65.8000     0.309436E-26
          66.5000     0.440837E-26
          67.5000     0.720825E-26
          68.5000     0.115948E-25
          69.5000     0.183603E-25
          70.5000     0.286468E-25
          71.6000     0.459839E-25
          72.6000     0.696865E-25
          73.5000     0.100213E-24
          74.5000     0.148364E-24
          75.5000     0.216993E-24
          76.5000     0.313779E-24
          77.5000     0.448924E-24
          78.5000     0.635207E-24
          79.5000     0.889601E-24
          80.5000     0.123437E-23
          81.5000     0.169670E-23
          82.5000     0.231111E-23
          83.5000     0.312292E-23
          84.5000     0.418125E-23
          85.5000     0.555625E-23
          86.5000     0.732761E-23
          87.5000     0.958980E-23
          88.5000     0.124624E-22
          89.5000     0.160823E-22
          90.5000     0.206157E-22
          91.5000     0.154281E-19
          92.5000     0.113609E-18
          93.5000     0.197104E-18
          94.5000     0.341606E-18
          95.5000     0.476432E-18
          96.5000     0.639351E-18
          97.5000     0.570905E-18
          98.5000     0.105361E-17
          99.5000     0.130876E-17
         100.5000     0.159682E-17
         101.5000     0.170939E-17
         102.5000     0.138693E-17
         103.5000     0.260824E-17
         104.5000     0.358269E-17
         105.5000     0.414654E-17
         106.5000     0.519857E-17
         107.5000     0.625567E-17
         108.5000     0.767651E-17
         109.5000     0.885459E-17
         110.5000     0.111370E-16
         111.5000     0.137832E-16
         112.5000     0.158573E-16
         113.5000     0.193401E-16
         114.5000     0.223342E-16
         115.5000     0.245761E-16
         116.5000     0.279798E-16
         117.5000     0.305016E-16
         118.5000     0.345439E-16
         119.5000     0.280007E-16
         120.5000     0.208380E-16
         121.5000     0.882643E-17
         122.5000     0.244510E-16
         123.5000     0.482012E-16
         124.5000     0.401654E-16
         125.5000     0.787517E-16
         126.5000     0.101075E-15
         127.5000     0.121336E-15
         128.5000     0.151812E-15
         129.5000     0.178367E-15
         130.5000     0.208704E-15
         131.5000     0.242641E-15
         132.5000     0.279024E-15
         133.5000     0.316014E-15
         134.5000     0.364156E-15
         135.5000     0.406780E-15
         136.5000     0.466210E-15
         137.5000     0.518505E-15
         138.5000     0.572642E-15
         139.5000     0.637774E-15
         140.5000     0.695860E-15
         141.5000     0.791842E-15
         142.5000     0.850554E-15
         143.5000     0.932761E-15
         144.2000     0.102319E-14
         144.7000     0.103717E-14
         145.5000     0.114068E-14
         146.5000     0.120368E-14
         147.5000     0.132913E-14
         148.5000     0.143894E-14
         149.5000     0.158512E-14
         150.5000     0.173238E-14
         151.2000     0.183951E-14
         151.7000     0.186069E-14
         152.5000     0.200261E-14
         153.5000     0.215704E-14
         154.5000     0.228244E-14
         155.5000     0.241078E-14
         156.5000     0.244262E-14
         157.5000     0.269657E-14
         158.5000     0.286846E-14
         159.5000     0.307499E-14
         160.5000     0.326799E-14
         161.5000     0.360577E-14
         162.5000     0.400609E-14
         163.5000     0.464996E-14
         164.5000     0.594811E-14
         165.5000     0.755094E-14
         166.5000     0.194388E-13
         167.2000     0.314902E-13
         167.7000     0.541209E-13
         168.5000     0.965191E-13
         169.5000     0.143109E-12
         170.5000     0.228325E-12
         171.5000     0.317670E-12
         172.5000     0.371211E-12
         173.5000     0.443857E-12
         174.5000     0.454381E-12
         175.5000     0.511642E-12
         176.5000     0.455822E-12
         177.5000     0.526861E-12
         178.5000     0.551687E-12
         179.5000     0.594175E-12
         180.5000     0.565332E-12
         181.5000     0.579931E-12
         182.5000     0.562669E-12
         183.5000     0.602847E-12
         184.5000     0.545192E-12
         185.5000     0.591031E-12
         186.5000     0.633160E-12
         187.5000     0.633506E-12
         188.5000     0.644588E-12
         189.5000     0.667666E-12
         190.5000     0.647483E-12
         191.5000     0.692436E-12
         192.5000     0.717301E-12
         193.5000     0.681264E-12
         194.5000     0.735023E-12
         195.5000     0.739548E-12
         196.7000     0.770148E-12
         197.6000     0.746964E-12
         198.4000     0.745817E-12
         199.5000     0.761673E-12
         200.5000     0.740756E-12
         201.5000     0.761721E-12
         202.5000     0.717323E-12
         203.5000     0.792140E-12
         204.5000     0.816008E-12
         205.5000     0.801737E-12
         206.5000     0.805667E-12
         207.4000     0.852114E-12
         207.8000     0.849724E-12
         208.5000     0.842266E-12
         209.5000     0.836862E-12
         210.5000     0.828066E-12
         211.5000     0.850221E-12
         212.5000     0.850296E-12
         213.5000     0.827645E-12
         214.5000     0.872805E-12
         215.5000     0.860188E-12
         216.5000     0.833057E-12
         217.5000     0.844441E-12
         218.5000     0.876038E-12
         219.5000     0.909411E-12
         220.5000     0.889365E-12
         221.5000     0.850517E-12
         222.5000     0.890082E-12
         223.5000     0.945774E-12
         224.5000     0.918369E-12
         225.5000     0.881997E-12
         226.5000     0.855189E-12
         227.5000     0.904299E-12
         228.5000     0.920241E-12
         229.5000     0.888970E-12
         230.5000     0.920201E-12
         231.5000     0.928348E-12
         232.5000     0.925693E-12
         233.5000     0.924806E-12
         234.5000     0.855992E-12
         235.5000     0.951981E-12
         236.5000     0.890194E-12
         237.5000     0.932620E-12
         238.5000     0.843343E-12
         239.5000     0.918779E-12
         240.5000     0.913471E-12
         241.5000     0.917743E-12
         242.5000     0.972714E-12
         243.5000     0.943747E-12
         244.5000     0.962952E-12
         245.5000     0.963702E-12
         246.5000     0.954638E-12
         247.5000     0.935373E-12
         248.5000     0.931891E-12
         249.5000     0.921052E-12
         250.5000     0.990008E-12
         251.3000     0.931861E-12
         251.8000     0.894940E-12
         252.5000     0.881574E-12
         253.5000     0.886851E-12
         254.5000     0.882260E-12
         255.5000     0.948706E-12
         256.5000     0.957332E-12
         257.5000     0.100219E-11
         258.5000     0.101537E-11
         259.5000     0.101012E-11
         260.5000     0.987702E-12
         261.5000     0.977082E-12
         262.5000     0.100939E-11
         263.5000     0.101554E-11
         264.5000     0.109328E-11
         265.5000     0.109620E-11
         266.5000     0.105347E-11
         267.5000     0.107317E-11
         268.5000     0.110159E-11
         269.5000     0.106785E-11
         270.5000     0.107280E-11
         271.5000     0.103217E-11
         272.5000     0.103673E-11
         273.5000     0.105144E-11
         274.5000     0.980762E-12
         275.5000     0.100418E-11
         276.5000     0.105079E-11
         277.5000     0.107009E-11
         278.5000     0.104439E-11
         279.5000     0.763113E-12
         280.5000     0.867452E-12
         281.5000     0.111118E-11
         282.5000     0.110813E-11
         283.5000     0.109103E-11
         284.5000     0.107226E-11
         285.5000     0.971722E-12
         286.5000     0.107764E-11
         287.5000     0.107872E-11
         288.5000     0.108898E-11
         289.5000     0.111026E-11
         291.0000     0.112982E-11
         293.0000     0.110709E-11
         295.0000     0.109455E-11
         297.0000     0.110157E-11
         299.0000     0.110209E-11
         301.0000     0.110017E-11
         303.0000     0.110510E-11
         305.0000     0.110980E-11
         307.0000     0.110900E-11
         309.0000     0.110672E-11
         311.0000     0.110897E-11
         313.0000     0.111517E-11
         315.0000     0.111707E-11
         317.0000     0.111693E-11
         319.0000     0.109130E-11
         321.0000     0.109782E-11
         323.0000     0.107931E-11
         325.0000     0.109743E-11
         327.0000     0.111270E-11
         329.0000     0.111673E-11
         331.0000     0.111621E-11
         333.0000     0.110025E-11
         335.0000     0.109125E-11
         337.0000     0.109065E-11
         339.0000     0.108531E-11
         341.0000     0.109271E-11
         343.0000     0.109189E-11
         345.0000     0.108023E-11
         347.0000     0.107927E-11
         349.0000     0.108218E-11
         351.0000     0.108496E-11
         353.0000     0.108008E-11
         355.0000     0.108405E-11
         357.0000     0.106593E-11
         359.0000     0.106196E-11
         361.0000     0.106110E-11
         363.0000     0.106412E-11
         364.0000     0.106247E-11
         365.0000     0.106859E-11
         367.0000     0.107375E-11
         369.0000     0.104386E-11
         371.0000     0.103347E-11
         373.0000     0.978095E-12
         375.0000     0.108249E-11
         377.0000     0.109892E-11
         379.0000     0.122028E-11
         381.0000     0.134826E-11
         383.0000     0.113278E-11
         385.0000     0.142763E-11
         387.0000     0.151136E-11
         389.0000     0.108963E-11
         391.0000     0.151191E-11
         393.0000     0.147549E-11
         395.0000     0.151950E-11
         397.0000     0.105563E-11
         399.0000     0.149279E-11
         401.0000     0.157083E-11
         403.0000     0.157179E-11
         405.0000     0.155980E-11
         407.0000     0.151677E-11
         409.0000     0.134857E-11
         411.0000     0.112427E-11
         413.0000     0.148986E-11
         415.0000     0.151778E-11
         417.0000     0.152198E-11
         419.0000     0.150967E-11
         421.0000     0.149968E-11
         423.0000     0.148232E-11
         425.0000     0.148219E-11
         427.0000     0.146623E-11
         429.0000     0.145572E-11
         431.0000     0.141131E-11
         433.0000     0.122364E-11
         435.0000     0.108895E-11
         437.0000     0.139388E-11
         439.0000     0.141102E-11
         441.0000     0.141007E-11
         443.0000     0.141005E-11
         445.0000     0.140127E-11
         447.0000     0.139643E-11
         449.0000     0.138971E-11
         451.0000     0.138306E-11
         453.0000     0.137088E-11
         455.0000     0.136255E-11
         457.0000     0.135707E-11
         459.0000     0.134891E-11
         461.0000     0.134173E-11
         463.0000     0.133285E-11
         465.0000     0.132495E-11
         467.0000     0.131714E-11
         469.0000     0.130854E-11
         471.0000     0.129745E-11
         473.0000     0.129164E-11
         475.0000     0.128163E-11
         477.0000     0.127259E-11
         479.0000     0.126199E-11
         481.0000     0.124737E-11
         483.0000     0.121654E-11
         485.0000     0.107220E-11
         487.0000     0.920493E-12
         489.0000     0.117886E-11
         491.0000     0.120503E-11
         493.0000     0.120157E-11
         495.0000     0.119970E-11
         497.0000     0.119549E-11
         499.0000     0.118823E-11
         501.0000     0.117876E-11
         503.0000     0.117471E-11
         505.0000     0.116692E-11
         507.0000     0.115997E-11
         509.0000     0.115235E-11
         511.0000     0.114555E-11
         513.0000     0.113809E-11
         515.0000     0.112999E-11
         517.0000     0.110836E-11
         519.0000     0.110553E-11
         521.0000     0.110623E-11
         523.0000     0.109918E-11
         525.0000     0.109569E-11
         527.0000     0.108325E-11
         529.0000     0.108123E-11
         531.0000     0.107446E-11
         533.0000     0.106372E-11
         535.0000     0.106046E-11
         537.0000     0.105258E-11
         539.0000     0.104610E-11
         541.0000     0.103772E-11
         543.0000     0.103204E-11
         545.0000     0.102577E-11
         547.0000     0.101956E-11
         549.0000     0.101342E-11
         551.0000     0.100734E-11
         553.0000     0.100069E-11
         555.0000     0.994735E-12
         557.0000     0.987604E-12
         559.0000     0.980550E-12
         561.0000     0.974788E-12
         563.0000     0.969083E-12
         565.0000     0.963434E-12
         567.0000     0.956650E-12
         569.0000     0.951119E-12
         571.0000     0.944468E-12
         573.0000     0.939053E-12
         575.0000     0.932532E-12
         577.0000     0.926654E-12
         579.0000     0.920834E-12
         581.0000     0.915073E-12
         583.0000     0.909368E-12
         585.0000     0.903161E-12
         587.0000     0.897573E-12
         589.0000     0.887072E-12
         591.0000     0.886013E-12
         593.0000     0.880046E-12
         595.0000     0.874681E-12
         597.0000     0.868830E-12
         599.0000     0.863572E-12
         601.0000     0.857833E-12
         603.0000     0.852153E-12
         605.0000     0.847051E-12
         607.0000     0.841478E-12
         609.0000     0.836477E-12
         611.0000     0.831010E-12
         613.0000     0.825086E-12
         615.0000     0.820235E-12
         617.0000     0.813920E-12
         619.0000     0.810168E-12
         621.0000     0.804958E-12
         623.0000     0.799798E-12
         625.0000     0.794197E-12
         627.0000     0.789626E-12
         629.0000     0.784612E-12
         631.0000     0.779647E-12
         633.0000     0.774728E-12
         635.0000     0.769855E-12
         637.0000     0.765028E-12
         639.0000     0.760247E-12
         641.0000     0.755044E-12
         643.0000     0.750354E-12
         645.0000     0.743407E-12
         647.0000     0.738360E-12
         649.0000     0.731998E-12
         651.0000     0.723892E-12
         653.0000     0.708237E-12
         655.0000     0.649016E-12
         657.0000     0.545692E-12
         659.0000     0.682171E-12
         661.0000     0.698649E-12
         663.0000     0.699668E-12
         665.0000     0.697631E-12
         667.0000     0.694314E-12
         669.0000     0.691453E-12
         671.0000     0.687337E-12
         673.0000     0.683258E-12
         675.0000     0.678795E-12
         677.0000     0.674790E-12
         679.0000     0.670405E-12
         681.0000     0.666473E-12
         683.0000     0.662165E-12
         685.0000     0.657896E-12
         687.0000     0.654071E-12
         689.0000     0.649876E-12
         691.0000     0.646120E-12
         693.0000     0.641997E-12
         695.0000     0.637911E-12
         697.0000     0.634255E-12
         699.0000     0.630239E-12
         701.0000     0.626258E-12
         703.0000     0.622312E-12
         705.0000     0.618786E-12
         707.0000     0.614907E-12
         709.0000     0.611062E-12
         711.0000     0.607250E-12
         713.0000     0.603472E-12
         715.0000     0.599726E-12
         717.0000     0.596385E-12
         719.0000     0.592701E-12
         721.0000     0.589049E-12
         723.0000     0.585428E-12
         725.0000     0.581838E-12
         727.0000     0.578279E-12
         729.0000     0.574750E-12
         731.0000     0.571251E-12
         733.0000     0.567781E-12
         735.0000     0.564341E-12
         737.0000     0.560930E-12
         739.0000     0.557547E-12
         741.0000     0.554193E-12
         743.0000     0.550866E-12
         745.0000     0.547568E-12
         747.0000     0.544296E-12
         749.0000     0.541052E-12
         751.0000     0.537835E-12
         753.0000     0.534644E-12
         755.0000     0.531479E-12
         757.0000     0.528006E-12
         759.0000     0.524894E-12
         761.0000     0.521809E-12
         763.0000     0.518748E-12
         765.0000     0.515711E-12
         767.0000     0.512374E-12
         769.0000     0.509389E-12
         771.0000     0.506427E-12
         773.0000     0.503490E-12
         775.0000     0.500576E-12
         777.0000     0.497050E-12
         779.0000     0.494501E-12
         781.0000     0.491658E-12
         783.0000     0.488837E-12
         785.0000     0.485728E-12
         787.0000     0.482953E-12
         789.0000     0.480200E-12
         791.0000     0.477469E-12
         793.0000     0.474454E-12
         795.0000     0.471767E-12
         797.0000     0.469101E-12
         799.0000     0.466156E-12
         801.0000     0.463532E-12
         803.0000     0.460929E-12
         805.0000     0.458051E-12
         807.0000     0.455489E-12
         809.0000     0.452947E-12
         811.0000     0.450133E-12
         813.0000     0.447632E-12
         815.0000     0.444861E-12
         817.0000     0.442399E-12
         819.0000     0.439670E-12
         821.0000     0.437246E-12
         823.0000     0.434841E-12
         825.0000     0.432454E-12
         827.0000     0.430084E-12
         829.0000     0.427454E-12
         831.0000     0.425122E-12
         833.0000     0.422531E-12
         835.0000     0.420509E-12
         837.0000     0.417956E-12
         839.0000     0.415421E-12
         841.0000     0.413177E-12
         843.0000     0.410680E-12
         845.0000     0.408202E-12
         847.0000     0.405208E-12
         849.0000     0.403833E-12
         851.0000     0.396913E-12
         853.0000     0.399528E-12
         855.0000     0.387444E-12
         857.0000     0.396068E-12
         859.0000     0.389814E-12
         861.0000     0.386455E-12
         863.0000     0.390323E-12
         865.0000     0.385704E-12
         867.0000     0.366858E-12
         869.0000     0.382923E-12
         871.0000     0.383185E-12
         873.0000     0.378416E-12
         875.0000     0.354677E-12
         877.0000     0.371238E-12
         879.0000     0.375251E-12
         881.0000     0.373302E-12
         883.0000     0.370631E-12
         885.0000     0.358444E-12
         887.0000     0.335653E-12
         889.0000     0.361768E-12
         891.0000     0.364005E-12
         893.0000     0.363337E-12
         895.0000     0.361476E-12
         897.0000     0.358438E-12
         899.0000     0.351869E-12
         901.0000     0.319642E-12
         903.0000     0.333962E-12
         905.0000     0.348154E-12
         907.0000     0.348948E-12
         909.0000     0.347646E-12
         911.0000     0.346813E-12
         913.0000     0.345066E-12
         915.0000     0.343101E-12
         917.0000     0.340468E-12
         919.0000     0.336493E-12
         921.0000     0.327132E-12
         923.0000     0.289300E-12
         925.0000     0.320951E-12
         927.0000     0.328705E-12
         929.0000     0.329510E-12
         931.0000     0.328538E-12
         933.0000     0.327351E-12
         935.0000     0.326171E-12
         937.0000     0.324562E-12
         939.0000     0.322746E-12
         941.0000     0.320078E-12
         943.0000     0.319153E-12
         945.0000     0.316945E-12
         947.0000     0.314754E-12
         949.0000     0.312153E-12
         951.0000     0.308088E-12
         953.0000     0.296886E-12
         955.0000     0.261628E-12
         957.0000     0.296292E-12
         959.0000     0.302137E-12
         961.0000     0.302539E-12
         963.0000     0.301697E-12
         965.0000     0.300859E-12
         967.0000     0.299411E-12
         969.0000     0.297972E-12
         971.0000     0.296543E-12
         973.0000     0.294921E-12
         975.0000     0.293511E-12
         977.0000     0.291909E-12
         979.0000     0.290518E-12
         981.0000     0.288936E-12
         983.0000     0.287365E-12
         985.0000     0.285805E-12
         987.0000     0.284451E-12
         989.0000     0.282910E-12
         991.0000     0.281380E-12
         993.0000     0.280053E-12
         995.0000     0.277961E-12
         997.0000     0.276269E-12
         999.0000     0.273821E-12
        1002.5000     0.260860E-12
        1007.5000     0.251297E-12
        1012.5000     0.264886E-12
        1017.5000     0.262844E-12
        1022.5000     0.259731E-12
        1027.5000     0.256483E-12
        1032.5000     0.253287E-12
        1037.5000     0.250140E-12
        1042.5000     0.247041E-12
        1047.5000     0.243816E-12
        1052.5000     0.240986E-12
        1057.5000     0.238028E-12
        1062.5000     0.234944E-12
        1067.5000     0.231572E-12
        1072.5000     0.229252E-12
        1077.5000     0.226469E-12
        1082.5000     0.223075E-12
        1087.5000     0.218761E-12
        1092.5000     0.197028E-12
        1097.5000     0.207956E-12
        1102.5000     0.212061E-12
        1107.5000     0.210463E-12
        1112.5000     0.208266E-12
        1117.5000     0.205793E-12
        1122.5000     0.203356E-12
        1127.5000     0.200954E-12
        1132.5000     0.198586E-12
        1137.5000     0.196400E-12
        1142.5000     0.194098E-12
        1147.5000     0.191828E-12
        1152.5000     0.189591E-12
        1157.5000     0.187385E-12
        1162.5000     0.185209E-12
        1167.5000     0.183065E-12
        1172.5000     0.181089E-12
        1177.5000     0.178863E-12
        1182.5000     0.176669E-12
        1187.5000     0.174913E-12
        1192.5000     0.173045E-12
        1197.5000     0.170668E-12
        1202.5000     0.168987E-12
        1207.5000     0.167065E-12
        1212.5000     0.165300E-12
        1217.5000     0.163557E-12
        1222.5000     0.161709E-12
        1227.5000     0.159886E-12
        1232.5000     0.158213E-12
        1237.5000     0.156437E-12
        1242.5000     0.154685E-12
        1247.5000     0.153078E-12
        1252.5000     0.151370E-12
        1257.5000     0.149805E-12
        1262.5000     0.148020E-12
        1267.5000     0.146140E-12
        1272.5000     0.143811E-12
        1277.5000     0.138932E-12
        1282.5000     0.122832E-12
        1287.5000     0.136898E-12
        1292.5000     0.137904E-12
        1297.5000     0.137071E-12
        1302.5000     0.135908E-12
        1307.5000     0.134534E-12
        1312.5000     0.133178E-12
        1317.5000     0.131728E-12
        1322.5000     0.130405E-12
        1327.5000     0.128990E-12
        1332.5000     0.127700E-12
        1337.5000     0.126319E-12
        1342.5000     0.125061E-12
        1347.5000     0.123818E-12
        1352.5000     0.122486E-12
        1357.5000     0.121273E-12
        1362.5000     0.119972E-12
        1367.5000     0.118789E-12
        1372.5000     0.117519E-12
        1377.5000     0.116364E-12
        1382.5000     0.115223E-12
        1387.5000     0.113997E-12
        1392.5000     0.112883E-12
        1397.5000     0.111783E-12
        1402.5000     0.110598E-12
        1407.5000     0.109523E-12
        1412.5000     0.108365E-12
        1417.5000     0.107316E-12
        1422.5000     0.106279E-12
        1427.5000     0.105160E-12
        1432.5000     0.104147E-12
        1437.5000     0.103146E-12
        1442.5000     0.102064E-12
        1447.5000     0.101086E-12
        1452.5000     0.100028E-12
        1457.0000     0.992309E-13
        1462.0000     0.981950E-13
        1467.5000     0.971935E-13
        1472.5000     0.962697E-13
        1477.5000     0.952683E-13
        1482.5000     0.943653E-13
        1487.5000     0.932127E-13
        1492.5000     0.925892E-13
        1497.5000     0.916304E-13
        1502.5000     0.905126E-13
        1507.5000     0.898289E-13
        1512.5000     0.890686E-13
        1517.5000     0.881499E-13
        1522.5000     0.873241E-13
        1527.5000     0.864250E-13
        1532.5000     0.855358E-13
        1537.5000     0.847374E-13
        1542.5000     0.837865E-13
        1547.5000     0.830860E-13
        1552.5000     0.822339E-13
        1557.5000     0.812330E-13
        1562.5000     0.807924E-13
        1567.5000     0.796543E-13
        1572.5000     0.786065E-13
        1577.5000     0.783398E-13
        1582.5000     0.776161E-13
        1587.5000     0.754867E-13
        1592.5000     0.757383E-13
        1597.5000     0.754900E-13
        1605.0000     0.739238E-13
        1615.0000     0.714987E-13
        1625.0000     0.716295E-13
        1635.0000     0.690797E-13
        1645.0000     0.662679E-13
        1655.0000     0.673292E-13
        1665.0000     0.659496E-13
        1675.0000     0.628437E-13
        1685.0000     0.598405E-13
        1695.0000     0.617827E-13
        1705.0000     0.607571E-13
        1715.0000     0.594451E-13
        1725.0000     0.576960E-13
        1735.0000     0.522997E-13
        1745.0000     0.547459E-13
        1755.0000     0.546212E-13
        1765.0000     0.536966E-13
        1775.0000     0.526617E-13
        1785.0000     0.515745E-13
        1795.0000     0.503952E-13
        1805.0000     0.490037E-13
        1815.0000     0.442157E-13
        1825.0000     0.460266E-13
        1835.0000     0.463510E-13
        1845.0000     0.455630E-13
        1855.0000     0.446111E-13
        1865.0000     0.432201E-13
        1875.0000     0.383426E-13
        1885.0000     0.413970E-13
        1895.0000     0.412279E-13
        1905.0000     0.405481E-13
        1915.0000     0.397811E-13
        1925.0000     0.389348E-13
        1935.0000     0.376895E-13
        1945.0000     0.338353E-13
        1955.0000     0.362809E-13
        1965.0000     0.361060E-13
        1975.0000     0.355548E-13
        1985.0000     0.349155E-13
        1995.0000     0.342729E-13
        2005.0000     0.336508E-13
        2015.0000     0.330346E-13
        2025.0000     0.324336E-13
        2035.0000     0.318428E-13
        2045.0000     0.312757E-13
        2055.0000     0.307136E-13
        2065.0000     0.301609E-13
        2075.0000     0.296307E-13
        2085.0000     0.291049E-13
        2095.0000     0.285921E-13
        2105.0000     0.280920E-13
        2115.0000     0.276001E-13
        2125.0000     0.271204E-13
        2135.0000     0.266401E-13
        2145.0000     0.260967E-13
        2155.0000     0.253727E-13
        2165.0000     0.228713E-13
        2175.0000     0.243374E-13
        2185.0000     0.243357E-13
        2195.0000     0.240231E-13
        2205.0000     0.236284E-13
        2215.0000     0.232360E-13
        2225.0000     0.228497E-13
        2235.0000     0.224732E-13
        2245.0000     0.221024E-13
        2255.0000     0.217336E-13
        2265.0000     0.213779E-13
        2275.0000     0.210312E-13
        2285.0000     0.206898E-13
        2295.0000     0.203572E-13
        2305.0000     0.200296E-13
        2315.0000     0.197068E-13
        2325.0000     0.193924E-13
        2335.0000     0.190862E-13
        2345.0000     0.187845E-13
        2355.0000     0.184872E-13
        2365.0000     0.181976E-13
        2375.0000     0.179123E-13
        2385.0000     0.176311E-13
        2395.0000     0.173573E-13
        2405.0000     0.170908E-13
        2415.0000     0.168247E-13
        2425.0000     0.165658E-13
        2435.0000     0.163105E-13
        2445.0000     0.160620E-13
        2455.0000     0.158170E-13
        2465.0000     0.155755E-13
        2475.0000     0.153405E-13
        2485.0000     0.151118E-13
        2495.0000     0.148710E-13
        2505.0000     0.146670E-13
        2515.0000     0.144507E-13
        2525.0000     0.142013E-13
        2535.0000     0.140209E-13
        2545.0000     0.138252E-13
        2555.0000     0.136057E-13
        2565.0000     0.133514E-13
        2575.0000     0.132133E-13
        2585.0000     0.130310E-13
        2595.0000     0.128341E-13
        2605.0000     0.125861E-13
        2615.0000     0.122240E-13
        2625.0000     0.112779E-13
        2635.0000     0.119261E-13
        2645.0000     0.119209E-13
        2655.0000     0.117743E-13
        2665.0000     0.115809E-13
        2675.0000     0.112616E-13
        2685.0000     0.112629E-13
        2695.0000     0.111452E-13
        2705.0000     0.110185E-13
        2715.0000     0.108647E-13
        2725.0000     0.107155E-13
        2735.0000     0.105528E-13
        2745.0000     0.103718E-13
        2755.0000     0.100090E-13
        2765.0000     0.999940E-14
        2775.0000     0.996725E-14
        2785.0000     0.986617E-14
        2795.0000     0.973441E-14
        2805.0000     0.960185E-14
        2815.0000     0.947333E-14
        2825.0000     0.934639E-14
        2835.0000     0.922339E-14
        2845.0000     0.909715E-14
        2855.0000     0.894895E-14
        2865.0000     0.873961E-14
        2875.0000     0.840553E-14
        2885.0000     0.856824E-14
        2895.0000     0.850229E-14
        2905.0000     0.840528E-14
        2915.0000     0.829813E-14
        2925.0000     0.819000E-14
        2935.0000     0.808538E-14
        2945.0000     0.797978E-14
        2955.0000     0.787762E-14
        2965.0000     0.777882E-14
        2975.0000     0.767902E-14
        2985.0000     0.758252E-14
        2995.0000     0.748500E-14
        3005.0000     0.739073E-14
        3015.0000     0.728912E-14
        3025.0000     0.716566E-14
        3035.0000     0.683578E-14
        3045.0000     0.685085E-14
        3055.0000     0.690867E-14
        3065.0000     0.685143E-14
        3075.0000     0.677048E-14
        3085.0000     0.668843E-14
        3095.0000     0.660529E-14
        3105.0000     0.652508E-14
        3115.0000     0.644378E-14
        3125.0000     0.636731E-14
        3135.0000     0.628973E-14
        3145.0000     0.621301E-14
        3155.0000     0.613906E-14
        3165.0000     0.606591E-14
        3175.0000     0.599357E-14
        3185.0000     0.592201E-14
        3195.0000     0.585123E-14
        3210.0000     0.574649E-14
        3230.0000     0.561130E-14
        3250.0000     0.548081E-14
        3270.0000     0.534771E-14
        3290.0000     0.504935E-14
        3310.0000     0.506193E-14
        3330.0000     0.499095E-14
        3350.0000     0.488887E-14
        3370.0000     0.477874E-14
        3390.0000     0.467086E-14
        3410.0000     0.456683E-14
        3430.0000     0.446652E-14
        3450.0000     0.436823E-14
        3470.0000     0.427190E-14
        3490.0000     0.417905E-14
        3510.0000     0.408959E-14
        3530.0000     0.400035E-14
        3550.0000     0.391438E-14
        3570.0000     0.383157E-14
        3590.0000     0.375037E-14
        3610.0000     0.367072E-14
        3630.0000     0.359405E-14
        3650.0000     0.351884E-14
        3670.0000     0.344647E-14
        3690.0000     0.337264E-14
        3710.0000     0.330159E-14
        3730.0000     0.318094E-14
        3750.0000     0.309263E-14
        3770.0000     0.310437E-14
        3790.0000     0.304503E-14
        3810.0000     0.298148E-14
        3830.0000     0.292170E-14
        3850.0000     0.286688E-14
        3870.0000     0.281047E-14
        3890.0000     0.275380E-14
        3910.0000     0.269314E-14
        3930.0000     0.264844E-14
        3950.0000     0.259714E-14
        3970.0000     0.254795E-14
        3990.0000     0.249841E-14
        4010.0000     0.244378E-14
        4030.0000     0.239246E-14
        4050.0000     0.228600E-14
        4070.0000     0.230867E-14
        4090.0000     0.227127E-14
        4110.0000     0.222881E-14
        4130.0000     0.218819E-14
        4150.0000     0.214602E-14
        4170.0000     0.209025E-14
        4190.0000     0.206707E-14
        4210.0000     0.203127E-14
        4230.0000     0.199498E-14
        4250.0000     0.195928E-14
        4270.0000     0.192417E-14
        4290.0000     0.188962E-14
        4310.0000     0.185563E-14
        4330.0000     0.182321E-14
        4350.0000     0.179029E-14
        4370.0000     0.173984E-14
        4390.0000     0.172204E-14
        4410.0000     0.169858E-14
        4430.0000     0.166864E-14
        4450.0000     0.164013E-14
        4470.0000     0.161303E-14
        4490.0000     0.158539E-14
        4510.0000     0.155818E-14
        4530.0000     0.153232E-14
        4550.0000     0.150593E-14
        4570.0000     0.148086E-14
        4590.0000     0.145617E-14
        4610.0000     0.143184E-14
        4630.0000     0.140521E-14
        4650.0000     0.134089E-14
        4670.0000     0.133558E-14
        4690.0000     0.133466E-14
        4710.0000     0.131730E-14
        4730.0000     0.129592E-14
        4750.0000     0.127484E-14
        4770.0000     0.125407E-14
        4790.0000     0.123444E-14
        4810.0000     0.121426E-14
        4830.0000     0.119520E-14
        4850.0000     0.117641E-14
        4870.0000     0.115788E-14
        4890.0000     0.113962E-14
        4910.0000     0.112162E-14
        4930.0000     0.110387E-14
        4950.0000     0.108715E-14
        4970.0000     0.106989E-14
        4990.0000     0.105364E-14
        5010.0000     0.103685E-14
        5030.0000     0.102106E-14
        5050.0000     0.100548E-14
        5070.0000     0.990108E-15
        5090.0000     0.975690E-15
        5110.0000     0.958533E-15
        5130.0000     0.927061E-15
        5150.0000     0.930705E-15
        5170.0000     0.917786E-15
        5190.0000     0.904328E-15
        5210.0000     0.891049E-15
        5230.0000     0.877946E-15
        5250.0000     0.865016E-15
        5270.0000     0.852257E-15
        5290.0000     0.839666E-15
        5310.0000     0.827920E-15
        5330.0000     0.815651E-15
        5350.0000     0.804212E-15
        5370.0000     0.792255E-15
        5390.0000     0.781114E-15
        5410.0000     0.770115E-15
        5430.0000     0.758607E-15
        5450.0000     0.747891E-15
        5470.0000     0.737312E-15
        5490.0000     0.726867E-15
        5510.0000     0.717184E-15
        5530.0000     0.706996E-15
        5550.0000     0.696936E-15
        5570.0000     0.687620E-15
        5590.0000     0.677805E-15
        5610.0000     0.668722E-15
        5630.0000     0.659146E-15
        5650.0000     0.650288E-15
        5670.0000     0.641539E-15
        5690.0000     0.632897E-15
        5710.0000     0.623185E-15
        5730.0000     0.615926E-15
        5750.0000     0.607594E-15
        5770.0000     0.599362E-15
        5790.0000     0.591230E-15
        5810.0000     0.583196E-15
        5830.0000     0.575821E-15
        5850.0000     0.567973E-15
        5870.0000     0.560775E-15
        5890.0000     0.551950E-15
        5910.0000     0.533581E-15
        5930.0000     0.538102E-15
        5950.0000     0.530164E-15
        5970.0000     0.524253E-15
        5990.0000     0.518143E-15
        6010.0000     0.511466E-15
        6030.0000     0.504866E-15
        6050.0000     0.498447E-15
        6070.0000     0.492049E-15
        6090.0000     0.485776E-15
        6110.0000     0.479626E-15
        6130.0000     0.473546E-15
        6150.0000     0.467584E-15
        6170.0000     0.461691E-15
        6190.0000     0.455913E-15
        6210.0000     0.450250E-15
        6230.0000     0.444601E-15
        6250.0000     0.439113E-15
        6270.0000     0.433491E-15
        6290.0000     0.425704E-15
        6310.0000     0.422673E-15
        6330.0000     0.417856E-15
        6350.0000     0.412758E-15
        6370.0000     0.407716E-15
        6390.0000     0.402776E-15
        6420.0000     0.395490E-15
        6460.0000     0.386018E-15
        6500.0000     0.376840E-15
        6540.0000     0.367946E-15
        6580.0000     0.359284E-15
        6620.0000     0.350892E-15
        6660.0000     0.342717E-15
        6700.0000     0.334798E-15
        6740.0000     0.327000E-15
        6780.0000     0.318029E-15
        6820.0000     0.312415E-15
        6860.0000     0.305364E-15
        6900.0000     0.298495E-15
        6940.0000     0.291844E-15
        6980.0000     0.285364E-15
        7020.0000     0.279051E-15
        7060.0000     0.272940E-15
        7100.0000     0.266986E-15
        7140.0000     0.261186E-15
        7180.0000     0.255535E-15
        7220.0000     0.250029E-15
        7260.0000     0.244702E-15
        7300.0000     0.239512E-15
        7340.0000     0.234456E-15
        7380.0000     0.229531E-15
        7420.0000     0.224697E-15
        7460.0000     0.217064E-15
        7500.0000     0.211861E-15
        7540.0000     0.210865E-15
        7580.0000     0.206713E-15
        7620.0000     0.202503E-15
        7660.0000     0.198403E-15
        7700.0000     0.194409E-15
        7740.0000     0.190519E-15
        7780.0000     0.186698E-15
        7820.0000     0.182977E-15
        7860.0000     0.179383E-15
        7900.0000     0.175853E-15
        7940.0000     0.172415E-15
        7980.0000     0.169037E-15
        8020.0000     0.165777E-15
        8060.0000     0.162573E-15
        8100.0000     0.159454E-15
        8140.0000     0.156330E-15
        8180.0000     0.153431E-15
        8220.0000     0.150524E-15
        8260.0000     0.147694E-15
        8300.0000     0.144912E-15
        8340.0000     0.142204E-15
        8380.0000     0.139568E-15
        8420.0000     0.137003E-15
        8460.0000     0.134479E-15
        8500.0000     0.132024E-15
        8540.0000     0.129608E-15
        8580.0000     0.127258E-15
        8620.0000     0.124946E-15
        8660.0000     0.122543E-15
        8700.0000     0.120508E-15
        8740.0000     0.117853E-15
        8780.0000     0.115738E-15
        8820.0000     0.114199E-15
        8860.0000     0.112194E-15
        8900.0000     0.110221E-15
        8940.0000     0.108302E-15
        8980.0000     0.106437E-15
        9020.0000     0.104577E-15
        9060.0000     0.102793E-15
        9100.0000     0.101035E-15
        9140.0000     0.993046E-16
        9180.0000     0.976231E-16
        9220.0000     0.959668E-16
        9260.0000     0.943579E-16
        9300.0000     0.927730E-16
        9340.0000     0.912117E-16
        9380.0000     0.894560E-16
        9420.0000     0.881800E-16
        9460.0000     0.867511E-16
        9500.0000     0.853219E-16
        9540.0000     0.839346E-16
        9580.0000     0.825674E-16
        9620.0000     0.812200E-16
        9660.0000     0.799126E-16
        9700.0000     0.786239E-16
        9740.0000     0.773739E-16
        9780.0000     0.761416E-16
        9820.0000     0.749268E-16
        9860.0000     0.737292E-16
        9900.0000     0.725680E-16
        9940.0000     0.714230E-16
        9980.0000     0.703133E-16
       10020.0000     0.692190E-16
       20000.0000     0.452280E-17
       40000.0000     0.287612E-18
       60000.0000     0.570251E-19
       80000.0000     0.180401E-19
      100000.0000     0.738241E-20
      120000.0000     0.355476E-20
      140000.0000     0.191600E-20
      160000.0000     0.112133E-20
