#FILENAME  G   BP   RP  V  g  r
# FT3750G100M025K200A000.DAT     7.29810    8.20711    6.36140    7.98139    8.91861    7.41988
           9.0900     0.000000E+00
           9.3500     0.000000E+00
           9.6100     0.000000E+00
           9.7700     0.000000E+00
           9.9600     0.000000E+00
          10.2000     0.000000E+00
          10.3800     0.000000E+00
          10.5600     0.000000E+00
          10.7700     0.000000E+00
          11.0400     0.000000E+00
          11.4000     0.000000E+00
          11.7800     0.000000E+00
          12.1300     0.000000E+00
          12.4800     0.000000E+00
          12.7100     0.000000E+00
          12.8400     0.000000E+00
          13.0500     0.000000E+00
          13.2400     0.000000E+00
          13.3900     0.000000E+00
          13.6600     0.000000E+00
          13.9800     0.000000E+00
          14.3300     0.000000E+00
          14.7200     0.000000E+00
          15.1000     0.000000E+00
          15.5200     0.000000E+00
          15.8800     0.000000E+00
          16.2000     0.000000E+00
          16.6000     0.000000E+00
          17.0300     0.000000E+00
          17.3400     0.000000E+00
          17.6800     0.000000E+00
          18.0200     0.000000E+00
          18.1700     0.000000E+00
          18.6100     0.000000E+00
          19.1000     0.000000E+00
          19.3900     0.000000E+00
          19.8400     0.000000E+00
          20.1800     0.000000E+00
          20.5000     0.000000E+00
          21.0500     0.000000E+00
          21.6200     0.000000E+00
          21.9800     0.000000E+00
          22.3000     0.000000E+00
          22.6800     0.000000E+00
          23.0000     0.000000E+00
          23.4000     0.000000E+00
          24.0000     0.000000E+00
          24.6500     0.000000E+00
          25.2400     0.000000E+00
          25.6800     0.000000E+00
          26.0000     0.000000E+00
          26.4000     0.000000E+00
          26.8500     0.000000E+00
          27.3500     0.000000E+00
          27.8500     0.000000E+00
          28.4000     0.000000E+00
          29.0000     0.000000E+00
          29.6000     0.000000E+00
          30.1000     0.000000E+00
          30.8000     0.000000E+00
          31.8000     0.000000E+00
          32.8000     0.000000E+00
          33.8000     0.000000E+00
          34.8000     0.000000E+00
          35.7000     0.000000E+00
          36.6000     0.000000E+00
          37.5000     0.000000E+00
          38.5000     0.000000E+00
          39.5000     0.000000E+00
          40.5000     0.000000E+00
          41.4000     0.000000E+00
          42.2000     0.000000E+00
          43.0000     0.000000E+00
          44.1000     0.000000E+00
          45.1000     0.000000E+00
          46.0000     0.000000E+00
          47.0000     0.000000E+00
          48.0000     0.000000E+00
          49.0000     0.000000E+00
          50.0000     0.000000E+00
          50.6000     0.000000E+00
          51.2000     0.000000E+00
          52.0000     0.000000E+00
          53.0000     0.000000E+00
          54.0000     0.000000E+00
          55.0000     0.000000E+00
          56.0000     0.000000E+00
          57.0000     0.000000E+00
          58.0000     0.000000E+00
          59.0000     0.000000E+00
          60.0000     0.000000E+00
          61.0000     0.000000E+00
          62.0000     0.000000E+00
          63.0000     0.000000E+00
          64.0000     0.000000E+00
          65.0000     0.000000E+00
          65.8000     0.000000E+00
          66.5000     0.000000E+00
          67.5000     0.000000E+00
          68.5000     0.000000E+00
          69.5000     0.000000E+00
          70.5000     0.000000E+00
          71.6000     0.000000E+00
          72.6000     0.000000E+00
          73.5000     0.000000E+00
          74.5000     0.000000E+00
          75.5000     0.000000E+00
          76.5000     0.000000E+00
          77.5000     0.000000E+00
          78.5000     0.000000E+00
          79.5000     0.000000E+00
          80.5000     0.000000E+00
          81.5000     0.000000E+00
          82.5000     0.000000E+00
          83.5000     0.000000E+00
          84.5000     0.000000E+00
          85.5000     0.000000E+00
          86.5000     0.000000E+00
          87.5000     0.000000E+00
          88.5000     0.000000E+00
          89.5000     0.000000E+00
          90.5000     0.000000E+00
          91.5000     0.515567E-36
          92.5000     0.175606E-35
          93.5000     0.255635E-35
          94.5000     0.501365E-35
          95.5000     0.915279E-35
          96.5000     0.161699E-34
          97.5000     0.184325E-34
          98.5000     0.487131E-34
          99.5000     0.827307E-34
         100.5000     0.115960E-33
         101.5000     0.136773E-33
         102.5000     0.263569E-33
         103.5000     0.776037E-33
         104.5000     0.121071E-32
         105.5000     0.152992E-32
         106.5000     0.366720E-32
         107.5000     0.537076E-32
         108.5000     0.900555E-32
         109.5000     0.121862E-31
         110.5000     0.180520E-31
         111.5000     0.245534E-31
         112.5000     0.529435E-31
         113.5000     0.953032E-31
         114.5000     0.147969E-30
         115.5000     0.210304E-30
         116.5000     0.279657E-30
         117.5000     0.404746E-30
         118.5000     0.517000E-30
         119.5000     0.325736E-30
         120.5000     0.245836E-30
         121.5000     0.115857E-30
         122.5000     0.519137E-30
         123.5000     0.129072E-29
         124.5000     0.328390E-29
         125.5000     0.559785E-29
         126.5000     0.779543E-29
         127.5000     0.122868E-28
         128.5000     0.127341E-28
         129.5000     0.194468E-28
         130.5000     0.236029E-28
         131.5000     0.345523E-28
         132.5000     0.420173E-28
         133.5000     0.516947E-28
         134.5000     0.717514E-28
         135.5000     0.983573E-28
         136.5000     0.116450E-27
         137.5000     0.140692E-27
         138.5000     0.185889E-27
         139.5000     0.220628E-27
         140.5000     0.330516E-27
         141.5000     0.437287E-27
         142.5000     0.499167E-27
         143.5000     0.760717E-27
         144.2000     0.103516E-26
         144.7000     0.942050E-27
         145.5000     0.114158E-26
         146.5000     0.176224E-26
         147.5000     0.191007E-26
         148.5000     0.247321E-26
         149.5000     0.395767E-26
         150.5000     0.556999E-26
         151.2000     0.390938E-26
         151.7000     0.630688E-26
         152.5000     0.928021E-26
         153.5000     0.160599E-25
         154.5000     0.131491E-25
         155.5000     0.197915E-25
         156.5000     0.210719E-25
         157.5000     0.435171E-25
         158.5000     0.468269E-25
         159.5000     0.464599E-25
         160.5000     0.550861E-25
         161.5000     0.620125E-25
         162.5000     0.686706E-25
         163.5000     0.959221E-25
         164.5000     0.128587E-24
         165.5000     0.135567E-24
         166.5000     0.195424E-24
         167.2000     0.181392E-24
         167.7000     0.254807E-24
         168.5000     0.331308E-24
         169.5000     0.477185E-24
         170.5000     0.542749E-24
         171.5000     0.629350E-24
         172.5000     0.857234E-24
         173.5000     0.103187E-23
         174.5000     0.138170E-23
         175.5000     0.146672E-23
         176.5000     0.193640E-23
         177.5000     0.192619E-23
         178.5000     0.349800E-23
         179.5000     0.301634E-23
         180.5000     0.552225E-23
         181.5000     0.420241E-23
         182.5000     0.665819E-23
         183.5000     0.613084E-23
         184.5000     0.978881E-23
         185.5000     0.766337E-23
         186.5000     0.135772E-22
         187.5000     0.127082E-22
         188.5000     0.169501E-22
         189.5000     0.209472E-22
         190.5000     0.233927E-22
         191.5000     0.338072E-22
         192.5000     0.297463E-22
         193.5000     0.245040E-22
         194.5000     0.446127E-22
         195.5000     0.652867E-22
         196.7000     0.711249E-22
         197.6000     0.854864E-22
         198.4000     0.114816E-21
         199.5000     0.102583E-21
         200.5000     0.127524E-21
         201.5000     0.146213E-21
         202.5000     0.146874E-21
         203.5000     0.182382E-21
         204.5000     0.188937E-21
         205.5000     0.236440E-21
         206.5000     0.228048E-21
         207.4000     0.205861E-21
         207.8000     0.292791E-21
         208.5000     0.382191E-21
         209.5000     0.569398E-21
         210.5000     0.625371E-21
         211.5000     0.624609E-21
         212.5000     0.796013E-21
         213.5000     0.107972E-20
         214.5000     0.738367E-21
         215.5000     0.107627E-20
         216.5000     0.103652E-20
         217.5000     0.118772E-20
         218.5000     0.107820E-20
         219.5000     0.209188E-20
         220.5000     0.165821E-20
         221.5000     0.228730E-20
         222.5000     0.179216E-20
         223.5000     0.350477E-20
         224.5000     0.382242E-20
         225.5000     0.559251E-20
         226.5000     0.245769E-20
         227.5000     0.642703E-20
         228.5000     0.493681E-20
         229.5000     0.103004E-19
         230.5000     0.295380E-20
         231.5000     0.153688E-19
         232.5000     0.977061E-20
         233.5000     0.184048E-19
         234.5000     0.108688E-19
         235.5000     0.813518E-20
         236.5000     0.126305E-19
         237.5000     0.112546E-19
         238.5000     0.249266E-19
         239.5000     0.218944E-19
         240.5000     0.494645E-19
         241.5000     0.244359E-19
         242.5000     0.360168E-19
         243.5000     0.588147E-19
         244.5000     0.911377E-19
         245.5000     0.113052E-18
         246.5000     0.568875E-19
         247.5000     0.122174E-18
         248.5000     0.316936E-19
         249.5000     0.441453E-19
         250.5000     0.101320E-18
         251.3000     0.631955E-19
         251.8000     0.743618E-19
         252.5000     0.980394E-19
         253.5000     0.295408E-18
         254.5000     0.375493E-18
         255.5000     0.396614E-18
         256.5000     0.174672E-18
         257.5000     0.368527E-18
         258.5000     0.205796E-18
         259.5000     0.300874E-18
         260.5000     0.451521E-18
         261.5000     0.382263E-18
         262.5000     0.741482E-18
         263.5000     0.125301E-17
         264.5000     0.870735E-18
         265.5000     0.136678E-17
         266.5000     0.105266E-17
         267.5000     0.999845E-18
         268.5000     0.141158E-17
         269.5000     0.867201E-18
         270.5000     0.184095E-17
         271.5000     0.167621E-17
         272.5000     0.133073E-17
         273.5000     0.141472E-17
         274.5000     0.216535E-17
         275.5000     0.199651E-17
         276.5000     0.332645E-17
         277.5000     0.455091E-17
         278.5000     0.282702E-17
         279.5000     0.342457E-17
         280.5000     0.342940E-17
         281.5000     0.464725E-17
         282.5000     0.451122E-17
         283.5000     0.377418E-17
         284.5000     0.237307E-17
         285.5000     0.921209E-18
         286.5000     0.423682E-17
         287.5000     0.519438E-17
         288.5000     0.951848E-17
         289.5000     0.112351E-16
         291.0000     0.132499E-16
         293.0000     0.143522E-16
         295.0000     0.145148E-16
         297.0000     0.148649E-16
         299.0000     0.177170E-16
         301.0000     0.191859E-16
         303.0000     0.234661E-16
         305.0000     0.291499E-16
         307.0000     0.366144E-16
         309.0000     0.430815E-16
         311.0000     0.593191E-16
         313.0000     0.606941E-16
         315.0000     0.956111E-16
         317.0000     0.135400E-15
         319.0000     0.106326E-15
         321.0000     0.139536E-15
         323.0000     0.129958E-15
         325.0000     0.190732E-15
         327.0000     0.277415E-15
         329.0000     0.379144E-15
         331.0000     0.315846E-15
         333.0000     0.364391E-15
         335.0000     0.365855E-15
         337.0000     0.260352E-15
         339.0000     0.309780E-15
         341.0000     0.389654E-15
         343.0000     0.467813E-15
         345.0000     0.431996E-15
         347.0000     0.484127E-15
         349.0000     0.614437E-15
         351.0000     0.842633E-15
         353.0000     0.717389E-15
         355.0000     0.109606E-14
         357.0000     0.487286E-15
         359.0000     0.416493E-15
         361.0000     0.707400E-15
         363.0000     0.120218E-14
         364.0000     0.122435E-14
         365.0000     0.147193E-14
         367.0000     0.205451E-14
         369.0000     0.171867E-14
         371.0000     0.143306E-14
         373.0000     0.564889E-15
         375.0000     0.719843E-15
         377.0000     0.158856E-14
         379.0000     0.190914E-14
         381.0000     0.155011E-14
         383.0000     0.655360E-15
         385.0000     0.109146E-14
         387.0000     0.110603E-14
         389.0000     0.149839E-14
         391.0000     0.185263E-14
         393.0000     0.569488E-15
         395.0000     0.116687E-14
         397.0000     0.733523E-15
         399.0000     0.322496E-14
         401.0000     0.503643E-14
         403.0000     0.416588E-14
         405.0000     0.430931E-14
         407.0000     0.416995E-14
         409.0000     0.586592E-14
         411.0000     0.407444E-14
         413.0000     0.422930E-14
         415.0000     0.411748E-14
         417.0000     0.375209E-14
         419.0000     0.440138E-14
         421.0000     0.422677E-14
         423.0000     0.302351E-14
         425.0000     0.541242E-14
         427.0000     0.504464E-14
         429.0000     0.514547E-14
         431.0000     0.568338E-14
         433.0000     0.843578E-14
         435.0000     0.896864E-14
         437.0000     0.938914E-14
         439.0000     0.806765E-14
         441.0000     0.852834E-14
         443.0000     0.933071E-14
         445.0000     0.100187E-13
         447.0000     0.110315E-13
         449.0000     0.118833E-13
         451.0000     0.147439E-13
         453.0000     0.116091E-13
         455.0000     0.128300E-13
         457.0000     0.148178E-13
         459.0000     0.142890E-13
         461.0000     0.151474E-13
         463.0000     0.147935E-13
         465.0000     0.149588E-13
         467.0000     0.164203E-13
         469.0000     0.162893E-13
         471.0000     0.156592E-13
         473.0000     0.157753E-13
         475.0000     0.164660E-13
         477.0000     0.141904E-13
         479.0000     0.149569E-13
         481.0000     0.162647E-13
         483.0000     0.173370E-13
         485.0000     0.177723E-13
         487.0000     0.174732E-13
         489.0000     0.191726E-13
         491.0000     0.194297E-13
         493.0000     0.187839E-13
         495.0000     0.191639E-13
         497.0000     0.163430E-13
         499.0000     0.155816E-13
         501.0000     0.133746E-13
         503.0000     0.152288E-13
         505.0000     0.148456E-13
         507.0000     0.153247E-13
         509.0000     0.139701E-13
         511.0000     0.152397E-13
         513.0000     0.142697E-13
         515.0000     0.141014E-13
         517.0000     0.126599E-13
         519.0000     0.133232E-13
         521.0000     0.148014E-13
         523.0000     0.211995E-13
         525.0000     0.217261E-13
         527.0000     0.198791E-13
         529.0000     0.240129E-13
         531.0000     0.269702E-13
         533.0000     0.229663E-13
         535.0000     0.258659E-13
         537.0000     0.261252E-13
         539.0000     0.246792E-13
         541.0000     0.251841E-13
         543.0000     0.252133E-13
         545.0000     0.253316E-13
         547.0000     0.242123E-13
         549.0000     0.247351E-13
         551.0000     0.239377E-13
         553.0000     0.269210E-13
         555.0000     0.278837E-13
         557.0000     0.275912E-13
         559.0000     0.265913E-13
         561.0000     0.265602E-13
         563.0000     0.264625E-13
         565.0000     0.278292E-13
         567.0000     0.270852E-13
         569.0000     0.293321E-13
         571.0000     0.272768E-13
         573.0000     0.311987E-13
         575.0000     0.305940E-13
         577.0000     0.309575E-13
         579.0000     0.288532E-13
         581.0000     0.316446E-13
         583.0000     0.334449E-13
         585.0000     0.313588E-13
         587.0000     0.309121E-13
         589.0000     0.220747E-13
         591.0000     0.288612E-13
         593.0000     0.297560E-13
         595.0000     0.299025E-13
         597.0000     0.314864E-13
         599.0000     0.310256E-13
         601.0000     0.306869E-13
         603.0000     0.331539E-13
         605.0000     0.343111E-13
         607.0000     0.345323E-13
         609.0000     0.332474E-13
         611.0000     0.337431E-13
         613.0000     0.313879E-13
         615.0000     0.332398E-13
         617.0000     0.285274E-13
         619.0000     0.305075E-13
         621.0000     0.296856E-13
         623.0000     0.275612E-13
         625.0000     0.271596E-13
         627.0000     0.296512E-13
         629.0000     0.316168E-13
         631.0000     0.313734E-13
         633.0000     0.328005E-13
         635.0000     0.334538E-13
         637.0000     0.330364E-13
         639.0000     0.341384E-13
         641.0000     0.339723E-13
         643.0000     0.335853E-13
         645.0000     0.340724E-13
         647.0000     0.348182E-13
         649.0000     0.331491E-13
         651.0000     0.349204E-13
         653.0000     0.359149E-13
         655.0000     0.349683E-13
         657.0000     0.352792E-13
         659.0000     0.357930E-13
         661.0000     0.357082E-13
         663.0000     0.355628E-13
         665.0000     0.347516E-13
         667.0000     0.336310E-13
         669.0000     0.330408E-13
         671.0000     0.319425E-13
         673.0000     0.318205E-13
         675.0000     0.313464E-13
         677.0000     0.331963E-13
         679.0000     0.318131E-13
         681.0000     0.329851E-13
         683.0000     0.343070E-13
         685.0000     0.339967E-13
         687.0000     0.345903E-13
         689.0000     0.360437E-13
         691.0000     0.367659E-13
         693.0000     0.360675E-13
         695.0000     0.363954E-13
         697.0000     0.378267E-13
         699.0000     0.369560E-13
         701.0000     0.368779E-13
         703.0000     0.380982E-13
         705.0000     0.376242E-13
         707.0000     0.333429E-13
         709.0000     0.319208E-13
         711.0000     0.316013E-13
         713.0000     0.288024E-13
         715.0000     0.292296E-13
         717.0000     0.312199E-13
         719.0000     0.319095E-13
         721.0000     0.322632E-13
         723.0000     0.348290E-13
         725.0000     0.353475E-13
         727.0000     0.363055E-13
         729.0000     0.364309E-13
         731.0000     0.371994E-13
         733.0000     0.376026E-13
         735.0000     0.376109E-13
         737.0000     0.393109E-13
         739.0000     0.388880E-13
         741.0000     0.388528E-13
         743.0000     0.393724E-13
         745.0000     0.396443E-13
         747.0000     0.396382E-13
         749.0000     0.395975E-13
         751.0000     0.405753E-13
         753.0000     0.409680E-13
         755.0000     0.412215E-13
         757.0000     0.410040E-13
         759.0000     0.399239E-13
         761.0000     0.398797E-13
         763.0000     0.398024E-13
         765.0000     0.398891E-13
         767.0000     0.376306E-13
         769.0000     0.390542E-13
         771.0000     0.378532E-13
         773.0000     0.385550E-13
         775.0000     0.380374E-13
         777.0000     0.390789E-13
         779.0000     0.390678E-13
         781.0000     0.398099E-13
         783.0000     0.390445E-13
         785.0000     0.387837E-13
         787.0000     0.396999E-13
         789.0000     0.387298E-13
         791.0000     0.377690E-13
         793.0000     0.382792E-13
         795.0000     0.372990E-13
         797.0000     0.394937E-13
         799.0000     0.390263E-13
         801.0000     0.394584E-13
         803.0000     0.394997E-13
         805.0000     0.394515E-13
         807.0000     0.387563E-13
         809.0000     0.382430E-13
         811.0000     0.382875E-13
         813.0000     0.392293E-13
         815.0000     0.393542E-13
         817.0000     0.395634E-13
         819.0000     0.384283E-13
         821.0000     0.379287E-13
         823.0000     0.391583E-13
         825.0000     0.389405E-13
         827.0000     0.398164E-13
         829.0000     0.392065E-13
         831.0000     0.376592E-13
         833.0000     0.380030E-13
         835.0000     0.378761E-13
         837.0000     0.382146E-13
         839.0000     0.364276E-13
         841.0000     0.385560E-13
         843.0000     0.370798E-13
         845.0000     0.379236E-13
         847.0000     0.380917E-13
         849.0000     0.377265E-13
         851.0000     0.359892E-13
         853.0000     0.374525E-13
         855.0000     0.311737E-13
         857.0000     0.389549E-13
         859.0000     0.387997E-13
         861.0000     0.388521E-13
         863.0000     0.392380E-13
         865.0000     0.392103E-13
         867.0000     0.325841E-13
         869.0000     0.375061E-13
         871.0000     0.393030E-13
         873.0000     0.394749E-13
         875.0000     0.395198E-13
         877.0000     0.394642E-13
         879.0000     0.396814E-13
         881.0000     0.385639E-13
         883.0000     0.390771E-13
         885.0000     0.398053E-13
         887.0000     0.378979E-13
         889.0000     0.386241E-13
         891.0000     0.392469E-13
         893.0000     0.381828E-13
         895.0000     0.379645E-13
         897.0000     0.382714E-13
         899.0000     0.388122E-13
         901.0000     0.372954E-13
         903.0000     0.382812E-13
         905.0000     0.393982E-13
         907.0000     0.396436E-13
         909.0000     0.380325E-13
         911.0000     0.381195E-13
         913.0000     0.391702E-13
         915.0000     0.372151E-13
         917.0000     0.365974E-13
         919.0000     0.372546E-13
         921.0000     0.363705E-13
         923.0000     0.370898E-13
         925.0000     0.366386E-13
         927.0000     0.370824E-13
         929.0000     0.365900E-13
         931.0000     0.377365E-13
         933.0000     0.377949E-13
         935.0000     0.374143E-13
         937.0000     0.367095E-13
         939.0000     0.368139E-13
         941.0000     0.361818E-13
         943.0000     0.367607E-13
         945.0000     0.357904E-13
         947.0000     0.369419E-13
         949.0000     0.368927E-13
         951.0000     0.373306E-13
         953.0000     0.371319E-13
         955.0000     0.365356E-13
         957.0000     0.366758E-13
         959.0000     0.375224E-13
         961.0000     0.368895E-13
         963.0000     0.371494E-13
         965.0000     0.356795E-13
         967.0000     0.355935E-13
         969.0000     0.366908E-13
         971.0000     0.363976E-13
         973.0000     0.360256E-13
         975.0000     0.360190E-13
         977.0000     0.363131E-13
         979.0000     0.354456E-13
         981.0000     0.369528E-13
         983.0000     0.364459E-13
         985.0000     0.371073E-13
         987.0000     0.369963E-13
         989.0000     0.371210E-13
         991.0000     0.367568E-13
         993.0000     0.369585E-13
         995.0000     0.367907E-13
         997.0000     0.371249E-13
         999.0000     0.372066E-13
        1002.5000     0.366233E-13
        1007.5000     0.363551E-13
        1012.5000     0.367441E-13
        1017.5000     0.363284E-13
        1022.5000     0.366151E-13
        1027.5000     0.367675E-13
        1032.5000     0.361607E-13
        1037.5000     0.360087E-13
        1042.5000     0.362632E-13
        1047.5000     0.360575E-13
        1052.5000     0.361825E-13
        1057.5000     0.357384E-13
        1062.5000     0.357591E-13
        1067.5000     0.351224E-13
        1072.5000     0.352119E-13
        1077.5000     0.350013E-13
        1082.5000     0.345480E-13
        1087.5000     0.343768E-13
        1092.5000     0.340628E-13
        1097.5000     0.323700E-13
        1102.5000     0.322818E-13
        1107.5000     0.327092E-13
        1112.5000     0.327098E-13
        1117.5000     0.329392E-13
        1122.5000     0.330111E-13
        1127.5000     0.325232E-13
        1132.5000     0.327891E-13
        1137.5000     0.322055E-13
        1142.5000     0.324524E-13
        1147.5000     0.328682E-13
        1152.5000     0.329729E-13
        1157.5000     0.326458E-13
        1162.5000     0.322239E-13
        1167.5000     0.323559E-13
        1172.5000     0.328885E-13
        1177.5000     0.322368E-13
        1182.5000     0.322524E-13
        1187.5000     0.318048E-13
        1192.5000     0.324948E-13
        1197.5000     0.312358E-13
        1202.5000     0.320096E-13
        1207.5000     0.318238E-13
        1212.5000     0.319657E-13
        1217.5000     0.320267E-13
        1222.5000     0.319318E-13
        1227.5000     0.317866E-13
        1232.5000     0.316049E-13
        1237.5000     0.315876E-13
        1242.5000     0.314083E-13
        1247.5000     0.314524E-13
        1252.5000     0.312017E-13
        1257.5000     0.312448E-13
        1262.5000     0.311660E-13
        1267.5000     0.309444E-13
        1272.5000     0.310210E-13
        1277.5000     0.311307E-13
        1282.5000     0.301317E-13
        1287.5000     0.306721E-13
        1292.5000     0.301601E-13
        1297.5000     0.307244E-13
        1302.5000     0.304664E-13
        1307.5000     0.306707E-13
        1312.5000     0.301040E-13
        1317.5000     0.301848E-13
        1322.5000     0.303293E-13
        1327.5000     0.298404E-13
        1332.5000     0.301993E-13
        1337.5000     0.300810E-13
        1342.5000     0.302292E-13
        1347.5000     0.302057E-13
        1352.5000     0.301608E-13
        1357.5000     0.298039E-13
        1362.5000     0.295855E-13
        1367.5000     0.299226E-13
        1372.5000     0.301421E-13
        1377.5000     0.299439E-13
        1382.5000     0.301284E-13
        1387.5000     0.296829E-13
        1392.5000     0.283442E-13
        1397.5000     0.290537E-13
        1402.5000     0.289735E-13
        1407.5000     0.287583E-13
        1412.5000     0.279696E-13
        1417.5000     0.280871E-13
        1422.5000     0.281077E-13
        1427.5000     0.276574E-13
        1432.5000     0.283512E-13
        1437.5000     0.284694E-13
        1442.5000     0.279779E-13
        1447.5000     0.289183E-13
        1452.5000     0.281295E-13
        1457.0000     0.281365E-13
        1462.0000     0.271380E-13
        1467.5000     0.272907E-13
        1472.5000     0.273529E-13
        1477.5000     0.277734E-13
        1482.5000     0.280482E-13
        1487.5000     0.280071E-13
        1492.5000     0.287138E-13
        1497.5000     0.288042E-13
        1502.5000     0.280954E-13
        1507.5000     0.280273E-13
        1512.5000     0.281939E-13
        1517.5000     0.285988E-13
        1522.5000     0.288657E-13
        1527.5000     0.286031E-13
        1532.5000     0.291262E-13
        1537.5000     0.288642E-13
        1542.5000     0.286693E-13
        1547.5000     0.295959E-13
        1552.5000     0.288812E-13
        1557.5000     0.280408E-13
        1562.5000     0.291167E-13
        1567.5000     0.291027E-13
        1572.5000     0.293283E-13
        1577.5000     0.273035E-13
        1582.5000     0.283700E-13
        1587.5000     0.280928E-13
        1592.5000     0.290343E-13
        1597.5000     0.285226E-13
        1605.0000     0.284500E-13
        1615.0000     0.289798E-13
        1625.0000     0.281166E-13
        1635.0000     0.291850E-13
        1645.0000     0.274229E-13
        1655.0000     0.286936E-13
        1665.0000     0.270236E-13
        1675.0000     0.274732E-13
        1685.0000     0.263927E-13
        1695.0000     0.269820E-13
        1705.0000     0.259748E-13
        1715.0000     0.256988E-13
        1725.0000     0.253373E-13
        1735.0000     0.244417E-13
        1745.0000     0.246907E-13
        1755.0000     0.239313E-13
        1765.0000     0.237900E-13
        1775.0000     0.232735E-13
        1785.0000     0.229414E-13
        1795.0000     0.228232E-13
        1805.0000     0.218421E-13
        1815.0000     0.218811E-13
        1825.0000     0.211878E-13
        1835.0000     0.210257E-13
        1845.0000     0.204665E-13
        1855.0000     0.201852E-13
        1865.0000     0.197876E-13
        1875.0000     0.193974E-13
        1885.0000     0.191436E-13
        1895.0000     0.184355E-13
        1905.0000     0.186224E-13
        1915.0000     0.182561E-13
        1925.0000     0.181186E-13
        1935.0000     0.174152E-13
        1945.0000     0.171303E-13
        1955.0000     0.170256E-13
        1965.0000     0.165750E-13
        1975.0000     0.159952E-13
        1985.0000     0.158782E-13
        1995.0000     0.155751E-13
        2005.0000     0.156202E-13
        2015.0000     0.153712E-13
        2025.0000     0.148415E-13
        2035.0000     0.147284E-13
        2045.0000     0.146396E-13
        2055.0000     0.141937E-13
        2065.0000     0.139577E-13
        2075.0000     0.137701E-13
        2085.0000     0.135150E-13
        2095.0000     0.132161E-13
        2105.0000     0.131557E-13
        2115.0000     0.129545E-13
        2125.0000     0.127141E-13
        2135.0000     0.125953E-13
        2145.0000     0.123575E-13
        2155.0000     0.121647E-13
        2165.0000     0.119586E-13
        2175.0000     0.116829E-13
        2185.0000     0.115642E-13
        2195.0000     0.114273E-13
        2205.0000     0.110481E-13
        2215.0000     0.111828E-13
        2225.0000     0.107382E-13
        2235.0000     0.106539E-13
        2245.0000     0.105136E-13
        2255.0000     0.104281E-13
        2265.0000     0.101309E-13
        2275.0000     0.101530E-13
        2285.0000     0.989929E-14
        2295.0000     0.822070E-14
        2305.0000     0.893888E-14
        2315.0000     0.883681E-14
        2325.0000     0.747144E-14
        2335.0000     0.809951E-14
        2345.0000     0.784949E-14
        2355.0000     0.666076E-14
        2365.0000     0.747420E-14
        2375.0000     0.719072E-14
        2385.0000     0.628888E-14
        2395.0000     0.692089E-14
        2405.0000     0.683365E-14
        2415.0000     0.608436E-14
        2425.0000     0.655206E-14
        2435.0000     0.651451E-14
        2445.0000     0.601925E-14
        2455.0000     0.605928E-14
        2465.0000     0.630648E-14
        2475.0000     0.602740E-14
        2485.0000     0.566577E-14
        2495.0000     0.593423E-14
        2505.0000     0.602428E-14
        2515.0000     0.548297E-14
        2525.0000     0.550871E-14
        2535.0000     0.566500E-14
        2545.0000     0.559100E-14
        2555.0000     0.549745E-14
        2565.0000     0.553035E-14
        2575.0000     0.555968E-14
        2585.0000     0.522443E-14
        2595.0000     0.532928E-14
        2605.0000     0.537028E-14
        2615.0000     0.530968E-14
        2625.0000     0.516647E-14
        2635.0000     0.522387E-14
        2645.0000     0.521455E-14
        2655.0000     0.487651E-14
        2665.0000     0.490200E-14
        2675.0000     0.509022E-14
        2685.0000     0.500456E-14
        2695.0000     0.482774E-14
        2705.0000     0.490466E-14
        2715.0000     0.483482E-14
        2725.0000     0.486387E-14
        2735.0000     0.468500E-14
        2745.0000     0.471701E-14
        2755.0000     0.471311E-14
        2765.0000     0.462397E-14
        2775.0000     0.454345E-14
        2785.0000     0.452570E-14
        2795.0000     0.438306E-14
        2805.0000     0.425694E-14
        2815.0000     0.428717E-14
        2825.0000     0.430006E-14
        2835.0000     0.430790E-14
        2845.0000     0.427767E-14
        2855.0000     0.418667E-14
        2865.0000     0.417150E-14
        2875.0000     0.414948E-14
        2885.0000     0.408855E-14
        2895.0000     0.406492E-14
        2905.0000     0.399160E-14
        2915.0000     0.400483E-14
        2925.0000     0.385438E-14
        2935.0000     0.386151E-14
        2945.0000     0.370727E-14
        2955.0000     0.377433E-14
        2965.0000     0.367049E-14
        2975.0000     0.370211E-14
        2985.0000     0.365801E-14
        2995.0000     0.363789E-14
        3005.0000     0.353101E-14
        3015.0000     0.357504E-14
        3025.0000     0.351168E-14
        3035.0000     0.349481E-14
        3045.0000     0.337276E-14
        3055.0000     0.342253E-14
        3065.0000     0.337169E-14
        3075.0000     0.333360E-14
        3085.0000     0.325568E-14
        3095.0000     0.321268E-14
        3105.0000     0.322976E-14
        3115.0000     0.313801E-14
        3125.0000     0.315326E-14
        3135.0000     0.304159E-14
        3145.0000     0.306294E-14
        3155.0000     0.303586E-14
        3165.0000     0.301862E-14
        3175.0000     0.296164E-14
        3185.0000     0.292608E-14
        3195.0000     0.288903E-14
        3210.0000     0.288626E-14
        3230.0000     0.276068E-14
        3250.0000     0.274856E-14
        3270.0000     0.267923E-14
        3290.0000     0.259191E-14
        3310.0000     0.256592E-14
        3330.0000     0.247993E-14
        3350.0000     0.244870E-14
        3370.0000     0.241129E-14
        3390.0000     0.231627E-14
        3410.0000     0.229412E-14
        3430.0000     0.227233E-14
        3450.0000     0.217526E-14
        3470.0000     0.216458E-14
        3490.0000     0.212726E-14
        3510.0000     0.205335E-14
        3530.0000     0.201785E-14
        3550.0000     0.199518E-14
        3570.0000     0.192480E-14
        3590.0000     0.189153E-14
        3610.0000     0.188238E-14
        3630.0000     0.181810E-14
        3650.0000     0.178673E-14
        3670.0000     0.175593E-14
        3690.0000     0.171445E-14
        3710.0000     0.166262E-14
        3730.0000     0.164622E-14
        3750.0000     0.161781E-14
        3770.0000     0.156835E-14
        3790.0000     0.156118E-14
        3810.0000     0.151976E-14
        3830.0000     0.149479E-14
        3850.0000     0.146509E-14
        3870.0000     0.144232E-14
        3890.0000     0.140728E-14
        3910.0000     0.138164E-14
        3930.0000     0.135646E-14
        3950.0000     0.133785E-14
        3970.0000     0.130982E-14
        3990.0000     0.125943E-14
        4010.0000     0.122070E-14
        4030.0000     0.121687E-14
        4050.0000     0.113996E-14
        4070.0000     0.114590E-14
        4090.0000     0.108858E-14
        4110.0000     0.110364E-14
        4130.0000     0.104267E-14
        4150.0000     0.105522E-14
        4170.0000     0.999750E-15
        4190.0000     0.101434E-14
        4210.0000     0.969174E-15
        4230.0000     0.971483E-15
        4250.0000     0.940732E-15
        4270.0000     0.933621E-15
        4290.0000     0.875615E-15
        4310.0000     0.816271E-15
        4330.0000     0.845314E-15
        4350.0000     0.774509E-15
        4370.0000     0.758712E-15
        4390.0000     0.735320E-15
        4410.0000     0.681400E-15
        4430.0000     0.682873E-15
        4450.0000     0.656247E-15
        4470.0000     0.623839E-15
        4490.0000     0.632733E-15
        4510.0000     0.609998E-15
        4530.0000     0.582320E-15
        4550.0000     0.595620E-15
        4570.0000     0.584274E-15
        4590.0000     0.549834E-15
        4610.0000     0.566520E-15
        4630.0000     0.548951E-15
        4650.0000     0.547161E-15
        4670.0000     0.544856E-15
        4690.0000     0.533428E-15
        4710.0000     0.521483E-15
        4730.0000     0.529580E-15
        4750.0000     0.517236E-15
        4770.0000     0.511140E-15
        4790.0000     0.504293E-15
        4810.0000     0.490341E-15
        4830.0000     0.501065E-15
        4850.0000     0.490428E-15
        4870.0000     0.475265E-15
        4890.0000     0.473628E-15
        4910.0000     0.468506E-15
        4930.0000     0.460064E-15
        4950.0000     0.451352E-15
        4970.0000     0.454626E-15
        4990.0000     0.446375E-15
        5010.0000     0.431374E-15
        5030.0000     0.439152E-15
        5050.0000     0.426294E-15
        5070.0000     0.423981E-15
        5090.0000     0.419177E-15
        5110.0000     0.411062E-15
        5130.0000     0.407499E-15
        5150.0000     0.402102E-15
        5170.0000     0.401934E-15
        5190.0000     0.395430E-15
        5210.0000     0.389366E-15
        5230.0000     0.385414E-15
        5250.0000     0.383178E-15
        5270.0000     0.387860E-15
        5290.0000     0.370630E-15
        5310.0000     0.366825E-15
        5330.0000     0.364144E-15
        5350.0000     0.360825E-15
        5370.0000     0.357810E-15
        5390.0000     0.354500E-15
        5410.0000     0.351099E-15
        5430.0000     0.342477E-15
        5450.0000     0.345642E-15
        5470.0000     0.336015E-15
        5490.0000     0.336176E-15
        5510.0000     0.328378E-15
        5530.0000     0.335150E-15
        5550.0000     0.322605E-15
        5570.0000     0.324737E-15
        5590.0000     0.318495E-15
        5610.0000     0.318419E-15
        5630.0000     0.309635E-15
        5650.0000     0.310687E-15
        5670.0000     0.306056E-15
        5690.0000     0.298408E-15
        5710.0000     0.300315E-15
        5730.0000     0.297231E-15
        5750.0000     0.293603E-15
        5770.0000     0.289673E-15
        5790.0000     0.289046E-15
        5810.0000     0.284677E-15
        5830.0000     0.281206E-15
        5850.0000     0.278727E-15
        5870.0000     0.273496E-15
        5890.0000     0.271476E-15
        5910.0000     0.268710E-15
        5930.0000     0.266737E-15
        5950.0000     0.262296E-15
        5970.0000     0.261294E-15
        5990.0000     0.258751E-15
        6010.0000     0.255972E-15
        6030.0000     0.252486E-15
        6050.0000     0.248151E-15
        6070.0000     0.246310E-15
        6090.0000     0.243198E-15
        6110.0000     0.239864E-15
        6130.0000     0.238556E-15
        6150.0000     0.236349E-15
        6170.0000     0.234819E-15
        6190.0000     0.231855E-15
        6210.0000     0.229967E-15
        6230.0000     0.226667E-15
        6250.0000     0.222964E-15
        6270.0000     0.220715E-15
        6290.0000     0.218733E-15
        6310.0000     0.215858E-15
        6330.0000     0.214735E-15
        6350.0000     0.211152E-15
        6370.0000     0.210631E-15
        6390.0000     0.206688E-15
        6420.0000     0.203831E-15
        6460.0000     0.198195E-15
        6500.0000     0.193904E-15
        6540.0000     0.189391E-15
        6580.0000     0.185060E-15
        6620.0000     0.180384E-15
        6660.0000     0.177144E-15
        6700.0000     0.173201E-15
        6740.0000     0.169338E-15
        6780.0000     0.165430E-15
        6820.0000     0.161642E-15
        6860.0000     0.158908E-15
        6900.0000     0.155181E-15
        6940.0000     0.151727E-15
        6980.0000     0.149010E-15
        7020.0000     0.145335E-15
        7060.0000     0.142464E-15
        7100.0000     0.139419E-15
        7140.0000     0.136659E-15
        7180.0000     0.133804E-15
        7220.0000     0.130782E-15
        7260.0000     0.128110E-15
        7300.0000     0.125668E-15
        7340.0000     0.122773E-15
        7380.0000     0.120461E-15
        7420.0000     0.117671E-15
        7460.0000     0.115345E-15
        7500.0000     0.113165E-15
        7540.0000     0.109407E-15
        7580.0000     0.104390E-15
        7620.0000     0.100592E-15
        7660.0000     0.968679E-16
        7700.0000     0.942491E-16
        7740.0000     0.905923E-16
        7780.0000     0.878598E-16
        7820.0000     0.855228E-16
        7860.0000     0.827326E-16
        7900.0000     0.814981E-16
        7940.0000     0.786742E-16
        7980.0000     0.774965E-16
        8020.0000     0.760406E-16
        8060.0000     0.742855E-16
        8100.0000     0.730866E-16
        8140.0000     0.722545E-16
        8180.0000     0.706051E-16
        8220.0000     0.697496E-16
        8260.0000     0.687388E-16
        8300.0000     0.671605E-16
        8340.0000     0.665729E-16
        8380.0000     0.652026E-16
        8420.0000     0.641254E-16
        8460.0000     0.629585E-16
        8500.0000     0.625264E-16
        8540.0000     0.611018E-16
        8580.0000     0.600392E-16
        8620.0000     0.593286E-16
        8660.0000     0.578370E-16
        8700.0000     0.574582E-16
        8740.0000     0.566828E-16
        8780.0000     0.553477E-16
        8820.0000     0.543299E-16
        8860.0000     0.535477E-16
        8900.0000     0.528257E-16
        8940.0000     0.520665E-16
        8980.0000     0.510337E-16
        9020.0000     0.505115E-16
        9060.0000     0.500431E-16
        9100.0000     0.489798E-16
        9140.0000     0.480247E-16
        9180.0000     0.475617E-16
        9220.0000     0.463389E-16
        9260.0000     0.461851E-16
        9300.0000     0.454787E-16
        9340.0000     0.447607E-16
        9380.0000     0.437050E-16
        9420.0000     0.433131E-16
        9460.0000     0.424982E-16
        9500.0000     0.422684E-16
        9540.0000     0.416622E-16
        9580.0000     0.408559E-16
        9620.0000     0.403927E-16
        9660.0000     0.396690E-16
        9700.0000     0.393832E-16
        9740.0000     0.386163E-16
        9780.0000     0.380808E-16
        9820.0000     0.375925E-16
        9860.0000     0.371502E-16
        9900.0000     0.365185E-16
        9940.0000     0.358569E-16
        9980.0000     0.355700E-16
       10020.0000     0.350196E-16
       20000.0000     0.233585E-17
       40000.0000     0.149252E-18
       60000.0000     0.295445E-19
       80000.0000     0.932974E-20
      100000.0000     0.380898E-20
      120000.0000     0.183124E-20
      140000.0000     0.984868E-21
      160000.0000     0.575628E-21
