#FILENAME  G   BP   RP  V  g  r
# FT4000G050M250K200A040.DAT     6.83525    7.68975    5.93514    7.44791    8.32433    6.93013
           9.0900     0.000000E+00
           9.3500     0.000000E+00
           9.6100     0.000000E+00
           9.7700     0.000000E+00
           9.9600     0.000000E+00
          10.2000     0.000000E+00
          10.3800     0.000000E+00
          10.5600     0.000000E+00
          10.7700     0.000000E+00
          11.0400     0.000000E+00
          11.4000     0.000000E+00
          11.7800     0.000000E+00
          12.1300     0.000000E+00
          12.4800     0.000000E+00
          12.7100     0.000000E+00
          12.8400     0.000000E+00
          13.0500     0.000000E+00
          13.2400     0.000000E+00
          13.3900     0.000000E+00
          13.6600     0.000000E+00
          13.9800     0.000000E+00
          14.3300     0.000000E+00
          14.7200     0.000000E+00
          15.1000     0.000000E+00
          15.5200     0.000000E+00
          15.8800     0.000000E+00
          16.2000     0.000000E+00
          16.6000     0.000000E+00
          17.0300     0.000000E+00
          17.3400     0.000000E+00
          17.6800     0.000000E+00
          18.0200     0.000000E+00
          18.1700     0.000000E+00
          18.6100     0.000000E+00
          19.1000     0.000000E+00
          19.3900     0.000000E+00
          19.8400     0.000000E+00
          20.1800     0.000000E+00
          20.5000     0.000000E+00
          21.0500     0.000000E+00
          21.6200     0.000000E+00
          21.9800     0.000000E+00
          22.3000     0.000000E+00
          22.6800     0.000000E+00
          23.0000     0.000000E+00
          23.4000     0.000000E+00
          24.0000     0.000000E+00
          24.6500     0.000000E+00
          25.2400     0.000000E+00
          25.6800     0.000000E+00
          26.0000     0.000000E+00
          26.4000     0.000000E+00
          26.8500     0.000000E+00
          27.3500     0.000000E+00
          27.8500     0.000000E+00
          28.4000     0.000000E+00
          29.0000     0.000000E+00
          29.6000     0.000000E+00
          30.1000     0.000000E+00
          30.8000     0.000000E+00
          31.8000     0.000000E+00
          32.8000     0.000000E+00
          33.8000     0.000000E+00
          34.8000     0.000000E+00
          35.7000     0.000000E+00
          36.6000     0.000000E+00
          37.5000     0.000000E+00
          38.5000     0.000000E+00
          39.5000     0.000000E+00
          40.5000     0.000000E+00
          41.4000     0.000000E+00
          42.2000     0.000000E+00
          43.0000     0.000000E+00
          44.1000     0.000000E+00
          45.1000     0.000000E+00
          46.0000     0.000000E+00
          47.0000     0.000000E+00
          48.0000     0.000000E+00
          49.0000     0.000000E+00
          50.0000     0.000000E+00
          50.6000     0.000000E+00
          51.2000     0.000000E+00
          52.0000     0.000000E+00
          53.0000     0.000000E+00
          54.0000     0.000000E+00
          55.0000     0.000000E+00
          56.0000     0.000000E+00
          57.0000     0.000000E+00
          58.0000     0.000000E+00
          59.0000     0.000000E+00
          60.0000     0.000000E+00
          61.0000     0.000000E+00
          62.0000     0.000000E+00
          63.0000     0.000000E+00
          64.0000     0.000000E+00
          65.0000     0.000000E+00
          65.8000     0.000000E+00
          66.5000     0.000000E+00
          67.5000     0.000000E+00
          68.5000     0.000000E+00
          69.5000     0.000000E+00
          70.5000     0.000000E+00
          71.6000     0.000000E+00
          72.6000     0.000000E+00
          73.5000     0.000000E+00
          74.5000     0.000000E+00
          75.5000     0.000000E+00
          76.5000     0.000000E+00
          77.5000     0.000000E+00
          78.5000     0.000000E+00
          79.5000     0.000000E+00
          80.5000     0.000000E+00
          81.5000     0.000000E+00
          82.5000     0.000000E+00
          83.5000     0.000000E+00
          84.5000     0.000000E+00
          85.5000     0.000000E+00
          86.5000     0.000000E+00
          87.5000     0.000000E+00
          88.5000     0.000000E+00
          89.5000     0.000000E+00
          90.5000     0.000000E+00
          91.5000     0.000000E+00
          92.5000     0.000000E+00
          93.5000     0.000000E+00
          94.5000     0.000000E+00
          95.5000     0.000000E+00
          96.5000     0.168074E-37
          97.5000     0.255840E-37
          98.5000     0.776094E-37
          99.5000     0.163972E-36
         100.5000     0.210078E-36
         101.5000     0.366749E-36
         102.5000     0.752976E-36
         103.5000     0.150935E-35
         104.5000     0.396148E-35
         105.5000     0.525974E-35
         106.5000     0.176775E-34
         107.5000     0.297123E-34
         108.5000     0.963834E-34
         109.5000     0.193894E-33
         110.5000     0.247018E-33
         111.5000     0.599048E-33
         112.5000     0.136134E-32
         113.5000     0.279919E-32
         114.5000     0.415717E-32
         115.5000     0.553824E-32
         116.5000     0.553952E-32
         117.5000     0.720582E-32
         118.5000     0.414036E-31
         119.5000     0.823391E-32
         120.5000     0.975167E-32
         121.5000     0.291879E-33
         122.5000     0.192188E-31
         123.5000     0.498585E-31
         124.5000     0.779463E-31
         125.5000     0.206576E-30
         126.5000     0.496639E-30
         127.5000     0.961030E-30
         128.5000     0.178835E-29
         129.5000     0.282738E-29
         130.5000     0.575060E-29
         131.5000     0.887727E-29
         132.5000     0.137440E-28
         133.5000     0.193627E-28
         134.5000     0.289419E-28
         135.5000     0.466545E-28
         136.5000     0.608765E-28
         137.5000     0.809411E-28
         138.5000     0.110116E-27
         139.5000     0.144264E-27
         140.5000     0.217790E-27
         141.5000     0.315627E-27
         142.5000     0.382886E-27
         143.5000     0.549892E-27
         144.2000     0.832460E-27
         144.7000     0.754554E-27
         145.5000     0.977852E-27
         146.5000     0.137856E-26
         147.5000     0.157383E-26
         148.5000     0.209198E-26
         149.5000     0.335103E-26
         150.5000     0.486824E-26
         151.2000     0.328783E-26
         151.7000     0.534907E-26
         152.5000     0.103672E-25
         153.5000     0.490169E-25
         154.5000     0.376181E-25
         155.5000     0.641264E-25
         156.5000     0.573906E-25
         157.5000     0.119736E-24
         158.5000     0.116705E-24
         159.5000     0.104858E-24
         160.5000     0.115302E-24
         161.5000     0.113511E-24
         162.5000     0.111901E-24
         163.5000     0.191629E-24
         164.5000     0.355542E-24
         165.5000     0.240302E-24
         166.5000     0.632969E-24
         167.2000     0.417518E-24
         167.7000     0.100370E-23
         168.5000     0.202481E-23
         169.5000     0.451856E-23
         170.5000     0.744395E-23
         171.5000     0.993573E-23
         172.5000     0.188244E-22
         173.5000     0.260831E-22
         174.5000     0.432558E-22
         175.5000     0.428576E-22
         176.5000     0.101430E-21
         177.5000     0.570988E-22
         178.5000     0.230195E-21
         179.5000     0.145735E-21
         180.5000     0.470816E-21
         181.5000     0.230554E-21
         182.5000     0.556862E-21
         183.5000     0.419832E-21
         184.5000     0.771853E-21
         185.5000     0.357401E-21
         186.5000     0.163190E-20
         187.5000     0.127627E-20
         188.5000     0.208736E-20
         189.5000     0.278959E-20
         190.5000     0.312290E-20
         191.5000     0.590607E-20
         192.5000     0.447590E-20
         193.5000     0.512994E-20
         194.5000     0.790707E-20
         195.5000     0.135183E-19
         196.7000     0.140765E-19
         197.6000     0.181910E-19
         198.4000     0.284948E-19
         199.5000     0.229079E-19
         200.5000     0.301590E-19
         201.5000     0.340864E-19
         202.5000     0.269323E-19
         203.5000     0.403793E-19
         204.5000     0.389779E-19
         205.5000     0.571374E-19
         206.5000     0.449539E-19
         207.4000     0.375260E-19
         207.8000     0.615119E-19
         208.5000     0.682799E-19
         209.5000     0.733018E-19
         210.5000     0.640930E-19
         211.5000     0.568527E-19
         212.5000     0.570398E-19
         213.5000     0.108938E-18
         214.5000     0.652627E-19
         215.5000     0.101524E-18
         216.5000     0.928661E-19
         217.5000     0.107114E-18
         218.5000     0.886869E-19
         219.5000     0.200683E-18
         220.5000     0.142503E-18
         221.5000     0.188995E-18
         222.5000     0.152061E-18
         223.5000     0.311795E-18
         224.5000     0.356861E-18
         225.5000     0.465854E-18
         226.5000     0.197354E-18
         227.5000     0.532071E-18
         228.5000     0.472774E-18
         229.5000     0.876608E-18
         230.5000     0.212803E-18
         231.5000     0.115811E-17
         232.5000     0.837127E-18
         233.5000     0.143024E-17
         234.5000     0.815595E-18
         235.5000     0.632928E-18
         236.5000     0.951480E-18
         237.5000     0.905799E-18
         238.5000     0.153754E-17
         239.5000     0.152106E-17
         240.5000     0.285927E-17
         241.5000     0.171794E-17
         242.5000     0.241339E-17
         243.5000     0.393713E-17
         244.5000     0.523761E-17
         245.5000     0.596396E-17
         246.5000     0.359605E-17
         247.5000     0.623373E-17
         248.5000     0.182936E-17
         249.5000     0.269517E-17
         250.5000     0.568248E-17
         251.3000     0.344482E-17
         251.8000     0.278570E-17
         252.5000     0.402190E-17
         253.5000     0.992641E-17
         254.5000     0.125302E-16
         255.5000     0.159702E-16
         256.5000     0.100041E-16
         257.5000     0.142559E-16
         258.5000     0.125639E-16
         259.5000     0.129734E-16
         260.5000     0.166301E-16
         261.5000     0.157946E-16
         262.5000     0.223056E-16
         263.5000     0.322148E-16
         264.5000     0.327928E-16
         265.5000     0.408866E-16
         266.5000     0.410387E-16
         267.5000     0.333728E-16
         268.5000     0.455032E-16
         269.5000     0.374407E-16
         270.5000     0.500673E-16
         271.5000     0.471531E-16
         272.5000     0.433519E-16
         273.5000     0.498966E-16
         274.5000     0.528376E-16
         275.5000     0.548769E-16
         276.5000     0.663787E-16
         277.5000     0.744559E-16
         278.5000     0.605895E-16
         279.5000     0.334613E-16
         280.5000     0.420826E-16
         281.5000     0.728141E-16
         282.5000     0.850654E-16
         283.5000     0.826317E-16
         284.5000     0.566413E-16
         285.5000     0.189645E-16
         286.5000     0.887726E-16
         287.5000     0.110838E-15
         288.5000     0.126200E-15
         289.5000     0.152909E-15
         291.0000     0.190052E-15
         293.0000     0.212562E-15
         295.0000     0.219240E-15
         297.0000     0.230344E-15
         299.0000     0.259617E-15
         301.0000     0.272454E-15
         303.0000     0.305372E-15
         305.0000     0.353669E-15
         307.0000     0.343590E-15
         309.0000     0.366634E-15
         311.0000     0.449645E-15
         313.0000     0.423197E-15
         315.0000     0.463967E-15
         317.0000     0.574378E-15
         319.0000     0.573409E-15
         321.0000     0.640626E-15
         323.0000     0.641161E-15
         325.0000     0.873340E-15
         327.0000     0.104465E-14
         329.0000     0.113212E-14
         331.0000     0.111516E-14
         333.0000     0.114895E-14
         335.0000     0.112640E-14
         337.0000     0.936525E-15
         339.0000     0.115513E-14
         341.0000     0.132130E-14
         343.0000     0.160056E-14
         345.0000     0.167006E-14
         347.0000     0.182104E-14
         349.0000     0.201406E-14
         351.0000     0.229583E-14
         353.0000     0.224684E-14
         355.0000     0.273368E-14
         357.0000     0.242817E-14
         359.0000     0.249331E-14
         361.0000     0.286105E-14
         363.0000     0.302726E-14
         364.0000     0.310315E-14
         365.0000     0.334491E-14
         367.0000     0.366542E-14
         369.0000     0.378613E-14
         371.0000     0.411273E-14
         373.0000     0.334749E-14
         375.0000     0.384570E-14
         377.0000     0.459862E-14
         379.0000     0.485551E-14
         381.0000     0.506060E-14
         383.0000     0.416584E-14
         385.0000     0.494824E-14
         387.0000     0.480005E-14
         389.0000     0.514060E-14
         391.0000     0.549149E-14
         393.0000     0.307620E-14
         395.0000     0.531947E-14
         397.0000     0.396955E-14
         399.0000     0.746757E-14
         401.0000     0.853775E-14
         403.0000     0.854755E-14
         405.0000     0.885562E-14
         407.0000     0.900002E-14
         409.0000     0.989902E-14
         411.0000     0.922701E-14
         413.0000     0.978230E-14
         415.0000     0.946919E-14
         417.0000     0.100217E-13
         419.0000     0.103768E-13
         421.0000     0.105507E-13
         423.0000     0.107883E-13
         425.0000     0.111323E-13
         427.0000     0.110388E-13
         429.0000     0.102535E-13
         431.0000     0.907816E-14
         433.0000     0.129616E-13
         435.0000     0.129439E-13
         437.0000     0.135778E-13
         439.0000     0.133749E-13
         441.0000     0.147210E-13
         443.0000     0.163741E-13
         445.0000     0.166044E-13
         447.0000     0.175871E-13
         449.0000     0.185707E-13
         451.0000     0.196962E-13
         453.0000     0.188321E-13
         455.0000     0.198047E-13
         457.0000     0.209154E-13
         459.0000     0.210062E-13
         461.0000     0.218156E-13
         463.0000     0.223868E-13
         465.0000     0.225046E-13
         467.0000     0.236382E-13
         469.0000     0.239246E-13
         471.0000     0.242484E-13
         473.0000     0.249254E-13
         475.0000     0.254120E-13
         477.0000     0.255696E-13
         479.0000     0.259992E-13
         481.0000     0.267519E-13
         483.0000     0.268345E-13
         485.0000     0.271103E-13
         487.0000     0.268154E-13
         489.0000     0.279580E-13
         491.0000     0.285806E-13
         493.0000     0.284831E-13
         495.0000     0.293320E-13
         497.0000     0.303524E-13
         499.0000     0.295250E-13
         501.0000     0.289846E-13
         503.0000     0.305181E-13
         505.0000     0.305547E-13
         507.0000     0.317073E-13
         509.0000     0.315399E-13
         511.0000     0.317482E-13
         513.0000     0.318941E-13
         515.0000     0.313797E-13
         517.0000     0.309153E-13
         519.0000     0.322558E-13
         521.0000     0.324319E-13
         523.0000     0.342497E-13
         525.0000     0.351148E-13
         527.0000     0.342144E-13
         529.0000     0.362966E-13
         531.0000     0.373617E-13
         533.0000     0.362055E-13
         535.0000     0.376882E-13
         537.0000     0.380920E-13
         539.0000     0.379812E-13
         541.0000     0.382636E-13
         543.0000     0.383525E-13
         545.0000     0.393932E-13
         547.0000     0.399377E-13
         549.0000     0.403398E-13
         551.0000     0.402431E-13
         553.0000     0.413364E-13
         555.0000     0.420835E-13
         557.0000     0.417201E-13
         559.0000     0.416979E-13
         561.0000     0.423138E-13
         563.0000     0.432885E-13
         565.0000     0.436245E-13
         567.0000     0.434781E-13
         569.0000     0.443501E-13
         571.0000     0.436993E-13
         573.0000     0.450979E-13
         575.0000     0.451901E-13
         577.0000     0.456367E-13
         579.0000     0.456533E-13
         581.0000     0.461337E-13
         583.0000     0.465896E-13
         585.0000     0.464283E-13
         587.0000     0.468683E-13
         589.0000     0.458219E-13
         591.0000     0.472887E-13
         593.0000     0.476020E-13
         595.0000     0.477099E-13
         597.0000     0.482397E-13
         599.0000     0.484945E-13
         601.0000     0.484533E-13
         603.0000     0.489013E-13
         605.0000     0.493947E-13
         607.0000     0.492777E-13
         609.0000     0.495122E-13
         611.0000     0.495938E-13
         613.0000     0.487458E-13
         615.0000     0.497862E-13
         617.0000     0.492879E-13
         619.0000     0.502294E-13
         621.0000     0.505520E-13
         623.0000     0.502772E-13
         625.0000     0.498089E-13
         627.0000     0.508556E-13
         629.0000     0.511620E-13
         631.0000     0.510786E-13
         633.0000     0.514255E-13
         635.0000     0.520044E-13
         637.0000     0.522447E-13
         639.0000     0.522465E-13
         641.0000     0.519676E-13
         643.0000     0.523396E-13
         645.0000     0.525218E-13
         647.0000     0.525636E-13
         649.0000     0.520583E-13
         651.0000     0.532752E-13
         653.0000     0.537129E-13
         655.0000     0.533407E-13
         657.0000     0.522622E-13
         659.0000     0.536212E-13
         661.0000     0.539546E-13
         663.0000     0.542831E-13
         665.0000     0.542169E-13
         667.0000     0.540644E-13
         669.0000     0.547685E-13
         671.0000     0.545276E-13
         673.0000     0.550073E-13
         675.0000     0.546819E-13
         677.0000     0.549442E-13
         679.0000     0.552025E-13
         681.0000     0.551678E-13
         683.0000     0.555020E-13
         685.0000     0.553825E-13
         687.0000     0.553851E-13
         689.0000     0.557901E-13
         691.0000     0.557484E-13
         693.0000     0.558657E-13
         695.0000     0.557825E-13
         697.0000     0.560541E-13
         699.0000     0.560082E-13
         701.0000     0.559228E-13
         703.0000     0.561864E-13
         705.0000     0.562533E-13
         707.0000     0.562037E-13
         709.0000     0.562680E-13
         711.0000     0.563686E-13
         713.0000     0.562035E-13
         715.0000     0.560768E-13
         717.0000     0.565094E-13
         719.0000     0.559362E-13
         721.0000     0.561420E-13
         723.0000     0.566012E-13
         725.0000     0.565079E-13
         727.0000     0.567047E-13
         729.0000     0.565742E-13
         731.0000     0.567309E-13
         733.0000     0.566712E-13
         735.0000     0.567177E-13
         737.0000     0.569391E-13
         739.0000     0.567716E-13
         741.0000     0.565005E-13
         743.0000     0.567864E-13
         745.0000     0.568960E-13
         747.0000     0.569349E-13
         749.0000     0.568702E-13
         751.0000     0.569412E-13
         753.0000     0.570107E-13
         755.0000     0.571121E-13
         757.0000     0.570447E-13
         759.0000     0.569107E-13
         761.0000     0.570749E-13
         763.0000     0.570721E-13
         765.0000     0.571013E-13
         767.0000     0.565109E-13
         769.0000     0.570917E-13
         771.0000     0.566348E-13
         773.0000     0.567908E-13
         775.0000     0.566894E-13
         777.0000     0.570640E-13
         779.0000     0.568976E-13
         781.0000     0.570462E-13
         783.0000     0.568800E-13
         785.0000     0.569013E-13
         787.0000     0.569526E-13
         789.0000     0.568796E-13
         791.0000     0.566229E-13
         793.0000     0.565508E-13
         795.0000     0.564182E-13
         797.0000     0.567685E-13
         799.0000     0.566946E-13
         801.0000     0.565909E-13
         803.0000     0.566064E-13
         805.0000     0.562663E-13
         807.0000     0.564289E-13
         809.0000     0.563550E-13
         811.0000     0.564559E-13
         813.0000     0.564682E-13
         815.0000     0.564221E-13
         817.0000     0.563757E-13
         819.0000     0.559865E-13
         821.0000     0.559413E-13
         823.0000     0.559808E-13
         825.0000     0.561317E-13
         827.0000     0.561966E-13
         829.0000     0.561208E-13
         831.0000     0.558510E-13
         833.0000     0.553899E-13
         835.0000     0.558390E-13
         837.0000     0.556818E-13
         839.0000     0.544645E-13
         841.0000     0.555866E-13
         843.0000     0.547304E-13
         845.0000     0.556517E-13
         847.0000     0.551756E-13
         849.0000     0.551551E-13
         851.0000     0.532302E-13
         853.0000     0.550601E-13
         855.0000     0.499041E-13
         857.0000     0.553296E-13
         859.0000     0.551501E-13
         861.0000     0.549975E-13
         863.0000     0.550514E-13
         865.0000     0.549251E-13
         867.0000     0.501882E-13
         869.0000     0.541417E-13
         871.0000     0.548273E-13
         873.0000     0.547774E-13
         875.0000     0.544773E-13
         877.0000     0.546772E-13
         879.0000     0.545774E-13
         881.0000     0.539598E-13
         883.0000     0.539121E-13
         885.0000     0.541822E-13
         887.0000     0.541085E-13
         889.0000     0.542773E-13
         891.0000     0.542269E-13
         893.0000     0.540803E-13
         895.0000     0.538389E-13
         897.0000     0.539084E-13
         899.0000     0.538584E-13
         901.0000     0.531242E-13
         903.0000     0.536876E-13
         905.0000     0.536844E-13
         907.0000     0.535876E-13
         909.0000     0.529812E-13
         911.0000     0.532796E-13
         913.0000     0.532532E-13
         915.0000     0.531121E-13
         917.0000     0.529718E-13
         919.0000     0.529455E-13
         921.0000     0.526933E-13
         923.0000     0.526675E-13
         925.0000     0.524623E-13
         927.0000     0.525928E-13
         929.0000     0.524775E-13
         931.0000     0.524953E-13
         933.0000     0.524025E-13
         935.0000     0.522881E-13
         937.0000     0.519342E-13
         939.0000     0.521259E-13
         941.0000     0.517964E-13
         943.0000     0.519215E-13
         945.0000     0.517877E-13
         947.0000     0.518041E-13
         949.0000     0.517136E-13
         951.0000     0.516657E-13
         953.0000     0.515545E-13
         955.0000     0.512968E-13
         957.0000     0.513544E-13
         959.0000     0.513279E-13
         961.0000     0.511144E-13
         963.0000     0.511295E-13
         965.0000     0.504037E-13
         967.0000     0.505435E-13
         969.0000     0.507838E-13
         971.0000     0.505342E-13
         973.0000     0.504076E-13
         975.0000     0.503621E-13
         977.0000     0.504370E-13
         979.0000     0.499115E-13
         981.0000     0.503848E-13
         983.0000     0.502790E-13
         985.0000     0.502132E-13
         987.0000     0.500886E-13
         989.0000     0.500232E-13
         991.0000     0.499190E-13
         993.0000     0.498541E-13
         995.0000     0.497699E-13
         997.0000     0.496861E-13
         999.0000     0.496024E-13
        1002.5000     0.494091E-13
        1007.5000     0.491652E-13
        1012.5000     0.489423E-13
        1017.5000     0.486660E-13
        1022.5000     0.484843E-13
        1027.5000     0.482856E-13
        1032.5000     0.478371E-13
        1037.5000     0.476440E-13
        1042.5000     0.476109E-13
        1047.5000     0.473320E-13
        1052.5000     0.471773E-13
        1057.5000     0.468178E-13
        1062.5000     0.465818E-13
        1067.5000     0.462977E-13
        1072.5000     0.462000E-13
        1077.5000     0.458217E-13
        1082.5000     0.454157E-13
        1087.5000     0.454039E-13
        1092.5000     0.452299E-13
        1097.5000     0.448505E-13
        1102.5000     0.447125E-13
        1107.5000     0.445595E-13
        1112.5000     0.443146E-13
        1117.5000     0.441182E-13
        1122.5000     0.439845E-13
        1127.5000     0.436856E-13
        1132.5000     0.435844E-13
        1137.5000     0.433057E-13
        1142.5000     0.429275E-13
        1147.5000     0.430196E-13
        1152.5000     0.428346E-13
        1157.5000     0.425368E-13
        1162.5000     0.420583E-13
        1167.5000     0.421203E-13
        1172.5000     0.420683E-13
        1177.5000     0.417532E-13
        1182.5000     0.414967E-13
        1187.5000     0.410937E-13
        1192.5000     0.413154E-13
        1197.5000     0.406373E-13
        1202.5000     0.408165E-13
        1207.5000     0.406105E-13
        1212.5000     0.405368E-13
        1217.5000     0.404112E-13
        1222.5000     0.402351E-13
        1227.5000     0.400224E-13
        1232.5000     0.398874E-13
        1237.5000     0.397033E-13
        1242.5000     0.395581E-13
        1247.5000     0.393893E-13
        1252.5000     0.392341E-13
        1257.5000     0.390681E-13
        1262.5000     0.389034E-13
        1267.5000     0.387520E-13
        1272.5000     0.386137E-13
        1277.5000     0.384645E-13
        1282.5000     0.381070E-13
        1287.5000     0.381351E-13
        1292.5000     0.379667E-13
        1297.5000     0.379021E-13
        1302.5000     0.377584E-13
        1307.5000     0.376382E-13
        1312.5000     0.374521E-13
        1317.5000     0.373007E-13
        1322.5000     0.372382E-13
        1327.5000     0.370017E-13
        1332.5000     0.369618E-13
        1337.5000     0.368680E-13
        1342.5000     0.367638E-13
        1347.5000     0.366603E-13
        1352.5000     0.365468E-13
        1357.5000     0.364131E-13
        1362.5000     0.362083E-13
        1367.5000     0.362307E-13
        1372.5000     0.361502E-13
        1377.5000     0.360497E-13
        1382.5000     0.359698E-13
        1387.5000     0.357806E-13
        1392.5000     0.352377E-13
        1397.5000     0.354077E-13
        1402.5000     0.353601E-13
        1407.5000     0.354090E-13
        1412.5000     0.353123E-13
        1417.5000     0.352924E-13
        1422.5000     0.352056E-13
        1427.5000     0.351568E-13
        1432.5000     0.350891E-13
        1437.5000     0.350493E-13
        1442.5000     0.349816E-13
        1447.5000     0.349963E-13
        1452.5000     0.348737E-13
        1457.0000     0.348120E-13
        1462.0000     0.344489E-13
        1467.5000     0.344846E-13
        1472.5000     0.345953E-13
        1477.5000     0.345370E-13
        1482.5000     0.346006E-13
        1487.5000     0.342905E-13
        1492.5000     0.345942E-13
        1497.5000     0.346795E-13
        1502.5000     0.340589E-13
        1507.5000     0.342968E-13
        1512.5000     0.344136E-13
        1517.5000     0.345032E-13
        1522.5000     0.345248E-13
        1527.5000     0.342007E-13
        1532.5000     0.344508E-13
        1537.5000     0.342352E-13
        1542.5000     0.339814E-13
        1547.5000     0.344419E-13
        1552.5000     0.342204E-13
        1557.5000     0.339853E-13
        1562.5000     0.343015E-13
        1567.5000     0.342857E-13
        1572.5000     0.339286E-13
        1577.5000     0.337600E-13
        1582.5000     0.341358E-13
        1587.5000     0.334956E-13
        1592.5000     0.340105E-13
        1597.5000     0.339405E-13
        1605.0000     0.336463E-13
        1615.0000     0.335393E-13
        1625.0000     0.331568E-13
        1635.0000     0.328958E-13
        1645.0000     0.321432E-13
        1655.0000     0.318678E-13
        1665.0000     0.311960E-13
        1675.0000     0.305926E-13
        1685.0000     0.299000E-13
        1695.0000     0.295283E-13
        1705.0000     0.289523E-13
        1715.0000     0.282771E-13
        1725.0000     0.278665E-13
        1735.0000     0.271327E-13
        1745.0000     0.268667E-13
        1755.0000     0.263251E-13
        1765.0000     0.258555E-13
        1775.0000     0.254252E-13
        1785.0000     0.249007E-13
        1795.0000     0.245468E-13
        1805.0000     0.239817E-13
        1815.0000     0.235147E-13
        1825.0000     0.231024E-13
        1835.0000     0.228001E-13
        1845.0000     0.223230E-13
        1855.0000     0.219160E-13
        1865.0000     0.215715E-13
        1875.0000     0.208953E-13
        1885.0000     0.207659E-13
        1895.0000     0.203980E-13
        1905.0000     0.200577E-13
        1915.0000     0.197130E-13
        1925.0000     0.194054E-13
        1935.0000     0.189752E-13
        1945.0000     0.185527E-13
        1955.0000     0.183584E-13
        1965.0000     0.180580E-13
        1975.0000     0.176694E-13
        1985.0000     0.174189E-13
        1995.0000     0.171292E-13
        2005.0000     0.168826E-13
        2015.0000     0.165975E-13
        2025.0000     0.162985E-13
        2035.0000     0.160278E-13
        2045.0000     0.157890E-13
        2055.0000     0.154951E-13
        2065.0000     0.152376E-13
        2075.0000     0.150110E-13
        2085.0000     0.147485E-13
        2095.0000     0.145033E-13
        2105.0000     0.142751E-13
        2115.0000     0.140505E-13
        2125.0000     0.138210E-13
        2135.0000     0.135910E-13
        2145.0000     0.133813E-13
        2155.0000     0.131626E-13
        2165.0000     0.128860E-13
        2175.0000     0.127395E-13
        2185.0000     0.125309E-13
        2195.0000     0.123454E-13
        2205.0000     0.121392E-13
        2215.0000     0.119713E-13
        2225.0000     0.117595E-13
        2235.0000     0.115855E-13
        2245.0000     0.114141E-13
        2255.0000     0.112377E-13
        2265.0000     0.110529E-13
        2275.0000     0.108893E-13
        2285.0000     0.107245E-13
        2295.0000     0.980230E-14
        2305.0000     0.100490E-13
        2315.0000     0.997670E-14
        2325.0000     0.912585E-14
        2335.0000     0.946582E-14
        2345.0000     0.946188E-14
        2355.0000     0.866003E-14
        2365.0000     0.898068E-14
        2375.0000     0.897991E-14
        2385.0000     0.828530E-14
        2395.0000     0.853009E-14
        2405.0000     0.853214E-14
        2415.0000     0.803148E-14
        2425.0000     0.816077E-14
        2435.0000     0.815847E-14
        2445.0000     0.782919E-14
        2455.0000     0.775919E-14
        2465.0000     0.783818E-14
        2475.0000     0.761553E-14
        2485.0000     0.745823E-14
        2495.0000     0.748163E-14
        2505.0000     0.742811E-14
        2515.0000     0.717842E-14
        2525.0000     0.705860E-14
        2535.0000     0.707752E-14
        2545.0000     0.699245E-14
        2555.0000     0.692315E-14
        2565.0000     0.684308E-14
        2575.0000     0.678714E-14
        2585.0000     0.663156E-14
        2595.0000     0.660614E-14
        2605.0000     0.650755E-14
        2615.0000     0.646347E-14
        2625.0000     0.632817E-14
        2635.0000     0.628023E-14
        2645.0000     0.623009E-14
        2655.0000     0.602296E-14
        2665.0000     0.600481E-14
        2675.0000     0.597606E-14
        2685.0000     0.591303E-14
        2695.0000     0.582704E-14
        2705.0000     0.576834E-14
        2715.0000     0.569215E-14
        2725.0000     0.564271E-14
        2735.0000     0.556824E-14
        2745.0000     0.549217E-14
        2755.0000     0.542461E-14
        2765.0000     0.537042E-14
        2775.0000     0.530691E-14
        2785.0000     0.523184E-14
        2795.0000     0.511847E-14
        2805.0000     0.500172E-14
        2815.0000     0.500250E-14
        2825.0000     0.495995E-14
        2835.0000     0.490357E-14
        2845.0000     0.484787E-14
        2855.0000     0.477403E-14
        2865.0000     0.471510E-14
        2875.0000     0.466150E-14
        2885.0000     0.460853E-14
        2895.0000     0.455847E-14
        2905.0000     0.447949E-14
        2915.0000     0.445782E-14
        2925.0000     0.436472E-14
        2935.0000     0.430390E-14
        2945.0000     0.424381E-14
        2955.0000     0.422391E-14
        2965.0000     0.412576E-14
        2975.0000     0.411322E-14
        2985.0000     0.407496E-14
        2995.0000     0.402217E-14
        3005.0000     0.393607E-14
        3015.0000     0.393107E-14
        3025.0000     0.388419E-14
        3035.0000     0.383785E-14
        3045.0000     0.372387E-14
        3055.0000     0.375288E-14
        3065.0000     0.369989E-14
        3075.0000     0.365156E-14
        3085.0000     0.359171E-14
        3095.0000     0.354455E-14
        3105.0000     0.352374E-14
        3115.0000     0.346760E-14
        3125.0000     0.344937E-14
        3135.0000     0.334946E-14
        3145.0000     0.335530E-14
        3155.0000     0.331482E-14
        3165.0000     0.329773E-14
        3175.0000     0.323140E-14
        3185.0000     0.319226E-14
        3195.0000     0.315730E-14
        3210.0000     0.312972E-14
        3230.0000     0.301949E-14
        3250.0000     0.298607E-14
        3270.0000     0.291205E-14
        3290.0000     0.282014E-14
        3310.0000     0.278965E-14
        3330.0000     0.270616E-14
        3350.0000     0.265688E-14
        3370.0000     0.261195E-14
        3390.0000     0.251957E-14
        3410.0000     0.249504E-14
        3430.0000     0.244975E-14
        3450.0000     0.236351E-14
        3470.0000     0.233793E-14
        3490.0000     0.229549E-14
        3510.0000     0.222744E-14
        3530.0000     0.218383E-14
        3550.0000     0.215321E-14
        3570.0000     0.208858E-14
        3590.0000     0.204903E-14
        3610.0000     0.202492E-14
        3630.0000     0.196779E-14
        3650.0000     0.193335E-14
        3670.0000     0.189527E-14
        3690.0000     0.185931E-14
        3710.0000     0.181288E-14
        3730.0000     0.178111E-14
        3750.0000     0.175263E-14
        3770.0000     0.170579E-14
        3790.0000     0.168650E-14
        3810.0000     0.164377E-14
        3830.0000     0.161490E-14
        3850.0000     0.158137E-14
        3870.0000     0.155867E-14
        3890.0000     0.152117E-14
        3910.0000     0.149313E-14
        3930.0000     0.146433E-14
        3950.0000     0.144340E-14
        3970.0000     0.141431E-14
        3990.0000     0.137852E-14
        4010.0000     0.136242E-14
        4030.0000     0.133360E-14
        4050.0000     0.130879E-14
        4070.0000     0.127977E-14
        4090.0000     0.126500E-14
        4110.0000     0.123798E-14
        4130.0000     0.121816E-14
        4150.0000     0.119532E-14
        4170.0000     0.117067E-14
        4190.0000     0.115516E-14
        4210.0000     0.112908E-14
        4230.0000     0.111308E-14
        4250.0000     0.109203E-14
        4270.0000     0.107237E-14
        4290.0000     0.102316E-14
        4310.0000     0.983072E-15
        4330.0000     0.988821E-15
        4350.0000     0.937649E-15
        4370.0000     0.917454E-15
        4390.0000     0.909014E-15
        4410.0000     0.857265E-15
        4430.0000     0.854030E-15
        4450.0000     0.835637E-15
        4470.0000     0.796164E-15
        4490.0000     0.798586E-15
        4510.0000     0.779562E-15
        4530.0000     0.750484E-15
        4550.0000     0.749728E-15
        4570.0000     0.741621E-15
        4590.0000     0.707631E-15
        4610.0000     0.710785E-15
        4630.0000     0.695635E-15
        4650.0000     0.691613E-15
        4670.0000     0.681048E-15
        4690.0000     0.670550E-15
        4710.0000     0.659429E-15
        4730.0000     0.658315E-15
        4750.0000     0.644041E-15
        4770.0000     0.636547E-15
        4790.0000     0.629407E-15
        4810.0000     0.612347E-15
        4830.0000     0.615413E-15
        4850.0000     0.605138E-15
        4870.0000     0.590892E-15
        4890.0000     0.585027E-15
        4910.0000     0.577014E-15
        4930.0000     0.567693E-15
        4950.0000     0.559989E-15
        4970.0000     0.552932E-15
        4990.0000     0.546356E-15
        5010.0000     0.533991E-15
        5030.0000     0.532024E-15
        5050.0000     0.519783E-15
        5070.0000     0.514275E-15
        5090.0000     0.509576E-15
        5110.0000     0.500242E-15
        5130.0000     0.494821E-15
        5150.0000     0.487735E-15
        5170.0000     0.485832E-15
        5190.0000     0.474417E-15
        5210.0000     0.468100E-15
        5230.0000     0.462567E-15
        5250.0000     0.458632E-15
        5270.0000     0.455503E-15
        5290.0000     0.443442E-15
        5310.0000     0.438886E-15
        5330.0000     0.433441E-15
        5350.0000     0.428734E-15
        5370.0000     0.424019E-15
        5390.0000     0.419099E-15
        5410.0000     0.413454E-15
        5430.0000     0.405413E-15
        5450.0000     0.403217E-15
        5470.0000     0.397521E-15
        5490.0000     0.391771E-15
        5510.0000     0.387040E-15
        5530.0000     0.386061E-15
        5550.0000     0.376010E-15
        5570.0000     0.375660E-15
        5590.0000     0.369116E-15
        5610.0000     0.364785E-15
        5630.0000     0.359056E-15
        5650.0000     0.356819E-15
        5670.0000     0.352042E-15
        5690.0000     0.345668E-15
        5710.0000     0.343721E-15
        5730.0000     0.339051E-15
        5750.0000     0.334958E-15
        5770.0000     0.330512E-15
        5790.0000     0.327719E-15
        5810.0000     0.322516E-15
        5830.0000     0.318673E-15
        5850.0000     0.315491E-15
        5870.0000     0.310733E-15
        5890.0000     0.307301E-15
        5910.0000     0.303854E-15
        5930.0000     0.299956E-15
        5950.0000     0.296158E-15
        5970.0000     0.293317E-15
        5990.0000     0.289761E-15
        6010.0000     0.286404E-15
        6030.0000     0.282664E-15
        6050.0000     0.278601E-15
        6070.0000     0.275469E-15
        6090.0000     0.272371E-15
        6110.0000     0.268693E-15
        6130.0000     0.265974E-15
        6150.0000     0.262779E-15
        6170.0000     0.259821E-15
        6190.0000     0.256945E-15
        6210.0000     0.253803E-15
        6230.0000     0.250843E-15
        6250.0000     0.247476E-15
        6270.0000     0.244682E-15
        6290.0000     0.241773E-15
        6310.0000     0.238848E-15
        6330.0000     0.236433E-15
        6350.0000     0.233236E-15
        6370.0000     0.231019E-15
        6390.0000     0.227793E-15
        6420.0000     0.223996E-15
        6460.0000     0.218569E-15
        6500.0000     0.213485E-15
        6540.0000     0.208554E-15
        6580.0000     0.203637E-15
        6620.0000     0.198824E-15
        6660.0000     0.194457E-15
        6700.0000     0.190009E-15
        6740.0000     0.185737E-15
        6780.0000     0.181510E-15
        6820.0000     0.177329E-15
        6860.0000     0.173558E-15
        6900.0000     0.169661E-15
        6940.0000     0.165882E-15
        6980.0000     0.162335E-15
        7020.0000     0.158664E-15
        7060.0000     0.155258E-15
        7100.0000     0.151880E-15
        7140.0000     0.148643E-15
        7180.0000     0.145468E-15
        7220.0000     0.142318E-15
        7260.0000     0.139300E-15
        7300.0000     0.136412E-15
        7340.0000     0.133472E-15
        7380.0000     0.130728E-15
        7420.0000     0.127966E-15
        7460.0000     0.125290E-15
        7500.0000     0.122766E-15
        7540.0000     0.120254E-15
        7580.0000     0.117588E-15
        7620.0000     0.115104E-15
        7660.0000     0.112599E-15
        7700.0000     0.110173E-15
        7740.0000     0.107694E-15
        7780.0000     0.105387E-15
        7820.0000     0.103185E-15
        7860.0000     0.100990E-15
        7900.0000     0.989883E-16
        7940.0000     0.969910E-16
        7980.0000     0.951189E-16
        8020.0000     0.933686E-16
        8060.0000     0.916482E-16
        8100.0000     0.899864E-16
        8140.0000     0.884395E-16
        8180.0000     0.868039E-16
        8220.0000     0.852526E-16
        8260.0000     0.836711E-16
        8300.0000     0.820604E-16
        8340.0000     0.805318E-16
        8380.0000     0.790285E-16
        8420.0000     0.774961E-16
        8460.0000     0.761229E-16
        8500.0000     0.746394E-16
        8540.0000     0.733379E-16
        8580.0000     0.720054E-16
        8620.0000     0.707201E-16
        8660.0000     0.693789E-16
        8700.0000     0.681858E-16
        8740.0000     0.670366E-16
        8780.0000     0.657813E-16
        8820.0000     0.646198E-16
        8860.0000     0.635497E-16
        8900.0000     0.624963E-16
        8940.0000     0.613872E-16
        8980.0000     0.603428E-16
        9020.0000     0.593616E-16
        9060.0000     0.583720E-16
        9100.0000     0.573743E-16
        9140.0000     0.563689E-16
        9180.0000     0.554924E-16
        9220.0000     0.545614E-16
        9260.0000     0.536444E-16
        9300.0000     0.528075E-16
        9340.0000     0.518732E-16
        9380.0000     0.509965E-16
        9420.0000     0.502622E-16
        9460.0000     0.493458E-16
        9500.0000     0.486341E-16
        9540.0000     0.478694E-16
        9580.0000     0.469906E-16
        9620.0000     0.463316E-16
        9660.0000     0.454767E-16
        9700.0000     0.448582E-16
        9740.0000     0.441473E-16
        9780.0000     0.433264E-16
        9820.0000     0.427558E-16
        9860.0000     0.420747E-16
        9900.0000     0.413251E-16
        9940.0000     0.406830E-16
        9980.0000     0.401461E-16
       10020.0000     0.395210E-16
       20000.0000     0.257522E-17
       40000.0000     0.162896E-18
       60000.0000     0.321724E-19
       80000.0000     0.101466E-19
      100000.0000     0.414027E-20
      120000.0000     0.198816E-20
      140000.0000     0.106792E-20
      160000.0000     0.623279E-21
