#FILENAME  G   BP   RP  V  g  r
# FT5125G350M175K200A040.DAT     5.31207    5.70574    4.74239    5.55014    5.91135    5.34983
           9.0900     0.000000E+00
           9.3500     0.000000E+00
           9.6100     0.000000E+00
           9.7700     0.000000E+00
           9.9600     0.000000E+00
          10.2000     0.000000E+00
          10.3800     0.000000E+00
          10.5600     0.000000E+00
          10.7700     0.000000E+00
          11.0400     0.000000E+00
          11.4000     0.000000E+00
          11.7800     0.000000E+00
          12.1300     0.000000E+00
          12.4800     0.000000E+00
          12.7100     0.000000E+00
          12.8400     0.000000E+00
          13.0500     0.000000E+00
          13.2400     0.000000E+00
          13.3900     0.000000E+00
          13.6600     0.000000E+00
          13.9800     0.000000E+00
          14.3300     0.000000E+00
          14.7200     0.000000E+00
          15.1000     0.000000E+00
          15.5200     0.000000E+00
          15.8800     0.000000E+00
          16.2000     0.000000E+00
          16.6000     0.000000E+00
          17.0300     0.000000E+00
          17.3400     0.000000E+00
          17.6800     0.000000E+00
          18.0200     0.000000E+00
          18.1700     0.000000E+00
          18.6100     0.000000E+00
          19.1000     0.000000E+00
          19.3900     0.000000E+00
          19.8400     0.000000E+00
          20.1800     0.000000E+00
          20.5000     0.000000E+00
          21.0500     0.000000E+00
          21.6200     0.000000E+00
          21.9800     0.000000E+00
          22.3000     0.000000E+00
          22.6800     0.000000E+00
          23.0000     0.000000E+00
          23.4000     0.000000E+00
          24.0000     0.000000E+00
          24.6500     0.000000E+00
          25.2400     0.000000E+00
          25.6800     0.000000E+00
          26.0000     0.000000E+00
          26.4000     0.000000E+00
          26.8500     0.000000E+00
          27.3500     0.000000E+00
          27.8500     0.000000E+00
          28.4000     0.000000E+00
          29.0000     0.000000E+00
          29.6000     0.000000E+00
          30.1000     0.000000E+00
          30.8000     0.000000E+00
          31.8000     0.000000E+00
          32.8000     0.000000E+00
          33.8000     0.000000E+00
          34.8000     0.000000E+00
          35.7000     0.000000E+00
          36.6000     0.000000E+00
          37.5000     0.000000E+00
          38.5000     0.000000E+00
          39.5000     0.000000E+00
          40.5000     0.000000E+00
          41.4000     0.000000E+00
          42.2000     0.000000E+00
          43.0000     0.000000E+00
          44.1000     0.000000E+00
          45.1000     0.000000E+00
          46.0000     0.000000E+00
          47.0000     0.000000E+00
          48.0000     0.000000E+00
          49.0000     0.000000E+00
          50.0000     0.000000E+00
          50.6000     0.000000E+00
          51.2000     0.000000E+00
          52.0000     0.000000E+00
          53.0000     0.000000E+00
          54.0000     0.000000E+00
          55.0000     0.000000E+00
          56.0000     0.000000E+00
          57.0000     0.000000E+00
          58.0000     0.000000E+00
          59.0000     0.000000E+00
          60.0000     0.000000E+00
          61.0000     0.000000E+00
          62.0000     0.000000E+00
          63.0000     0.152227E-37
          64.0000     0.365752E-37
          65.0000     0.853487E-37
          65.8000     0.164803E-36
          66.5000     0.288969E-36
          67.5000     0.630880E-36
          68.5000     0.134314E-35
          69.5000     0.279349E-35
          70.5000     0.567927E-35
          71.6000     0.120955E-34
          72.6000     0.235256E-34
          73.5000     0.421129E-34
          74.5000     0.790126E-34
          75.5000     0.145535E-33
          76.5000     0.263451E-33
          77.5000     0.469011E-33
          78.5000     0.821356E-33
          79.5000     0.141591E-32
          80.5000     0.240669E-32
          81.5000     0.403056E-32
          82.5000     0.665984E-32
          83.5000     0.108629E-31
          84.5000     0.174894E-31
          85.5000     0.278206E-31
          86.5000     0.436893E-31
          87.5000     0.678840E-31
          88.5000     0.104306E-30
          89.5000     0.158576E-30
          90.5000     0.238493E-30
          91.5000     0.696496E-26
          92.5000     0.255373E-25
          93.5000     0.359905E-25
          94.5000     0.530101E-25
          95.5000     0.849977E-25
          96.5000     0.125567E-24
          97.5000     0.156505E-24
          98.5000     0.265870E-24
          99.5000     0.386283E-24
         100.5000     0.525385E-24
         101.5000     0.661746E-24
         102.5000     0.909003E-24
         103.5000     0.147806E-23
         104.5000     0.218328E-23
         105.5000     0.283547E-23
         106.5000     0.418891E-23
         107.5000     0.560276E-23
         108.5000     0.810922E-23
         109.5000     0.104230E-22
         110.5000     0.212828E-22
         111.5000     0.380778E-22
         112.5000     0.582242E-22
         113.5000     0.880637E-22
         114.5000     0.115235E-21
         115.5000     0.132513E-21
         116.5000     0.150552E-21
         117.5000     0.178100E-21
         118.5000     0.215746E-21
         119.5000     0.129530E-21
         120.5000     0.134392E-21
         121.5000     0.828159E-22
         122.5000     0.214521E-21
         123.5000     0.347039E-21
         124.5000     0.636765E-21
         125.5000     0.106206E-20
         126.5000     0.151983E-20
         127.5000     0.212162E-20
         128.5000     0.299913E-20
         129.5000     0.373406E-20
         130.5000     0.494097E-20
         131.5000     0.611199E-20
         132.5000     0.740647E-20
         133.5000     0.872181E-20
         134.5000     0.104811E-19
         135.5000     0.125893E-19
         136.5000     0.147900E-19
         137.5000     0.170776E-19
         138.5000     0.198368E-19
         139.5000     0.228009E-19
         140.5000     0.273474E-19
         141.5000     0.326244E-19
         142.5000     0.365062E-19
         143.5000     0.433925E-19
         144.2000     0.534344E-19
         144.7000     0.505506E-19
         145.5000     0.597476E-19
         146.5000     0.707752E-19
         147.5000     0.754081E-19
         148.5000     0.880559E-19
         149.5000     0.113700E-18
         150.5000     0.135699E-18
         151.2000     0.121378E-18
         151.7000     0.150786E-18
         152.5000     0.228423E-18
         153.5000     0.565348E-18
         154.5000     0.532702E-18
         155.5000     0.742399E-18
         156.5000     0.751004E-18
         157.5000     0.106458E-17
         158.5000     0.125548E-17
         159.5000     0.140238E-17
         160.5000     0.158196E-17
         161.5000     0.201251E-17
         162.5000     0.240481E-17
         163.5000     0.299658E-17
         164.5000     0.422914E-17
         165.5000     0.339792E-17
         166.5000     0.537019E-17
         167.2000     0.477456E-17
         167.7000     0.616998E-17
         168.5000     0.875484E-17
         169.5000     0.112581E-16
         170.5000     0.137417E-16
         171.5000     0.140311E-16
         172.5000     0.176531E-16
         173.5000     0.206756E-16
         174.5000     0.262818E-16
         175.5000     0.347001E-16
         176.5000     0.355068E-16
         177.5000     0.431979E-16
         178.5000     0.629280E-16
         179.5000     0.808915E-16
         180.5000     0.864045E-16
         181.5000     0.859201E-16
         182.5000     0.107003E-15
         183.5000     0.145025E-15
         184.5000     0.742599E-16
         185.5000     0.164064E-15
         186.5000     0.250236E-15
         187.5000     0.282000E-15
         188.5000     0.322779E-15
         189.5000     0.422038E-15
         190.5000     0.392236E-15
         191.5000     0.534732E-15
         192.5000     0.543144E-15
         193.5000     0.313678E-15
         194.5000     0.769445E-15
         195.5000     0.835749E-15
         196.7000     0.115324E-14
         197.6000     0.101671E-14
         198.4000     0.989558E-15
         199.5000     0.138285E-14
         200.5000     0.148961E-14
         201.5000     0.184841E-14
         202.5000     0.121749E-14
         203.5000     0.240463E-14
         204.5000     0.306575E-14
         205.5000     0.303418E-14
         206.5000     0.327252E-14
         207.4000     0.407225E-14
         207.8000     0.524203E-14
         208.5000     0.505712E-14
         209.5000     0.572016E-14
         210.5000     0.638769E-14
         211.5000     0.790286E-14
         212.5000     0.581000E-14
         213.5000     0.689424E-14
         214.5000     0.927330E-14
         215.5000     0.923279E-14
         216.5000     0.833057E-14
         217.5000     0.893828E-14
         218.5000     0.112914E-13
         219.5000     0.125004E-13
         220.5000     0.116705E-13
         221.5000     0.807191E-14
         222.5000     0.124441E-13
         223.5000     0.162741E-13
         224.5000     0.156925E-13
         225.5000     0.125709E-13
         226.5000     0.113104E-13
         227.5000     0.124582E-13
         228.5000     0.161785E-13
         229.5000     0.135545E-13
         230.5000     0.166595E-13
         231.5000     0.165016E-13
         232.5000     0.155416E-13
         233.5000     0.127710E-13
         234.5000     0.861912E-14
         235.5000     0.173753E-13
         236.5000     0.983322E-14
         237.5000     0.140725E-13
         238.5000     0.681071E-14
         239.5000     0.100324E-13
         240.5000     0.101512E-13
         241.5000     0.126153E-13
         242.5000     0.222939E-13
         243.5000     0.211616E-13
         244.5000     0.255442E-13
         245.5000     0.260324E-13
         246.5000     0.248288E-13
         247.5000     0.213710E-13
         248.5000     0.106772E-13
         249.5000     0.158769E-13
         250.5000     0.208042E-13
         251.3000     0.906995E-14
         251.8000     0.294004E-14
         252.5000     0.508820E-14
         253.5000     0.119022E-13
         254.5000     0.161728E-13
         255.5000     0.266776E-13
         256.5000     0.238503E-13
         257.5000     0.301811E-13
         258.5000     0.284378E-13
         259.5000     0.254890E-13
         260.5000     0.206373E-13
         261.5000     0.183711E-13
         262.5000     0.259602E-13
         263.5000     0.388618E-13
         264.5000     0.512149E-13
         265.5000     0.623487E-13
         266.5000     0.502063E-13
         267.5000     0.549433E-13
         268.5000     0.588115E-13
         269.5000     0.465372E-13
         270.5000     0.534435E-13
         271.5000     0.406842E-13
         272.5000     0.379877E-13
         273.5000     0.437779E-13
         274.5000     0.286172E-13
         275.5000     0.367108E-13
         276.5000     0.457638E-13
         277.5000     0.430720E-13
         278.5000     0.198706E-13
         279.5000     0.497874E-14
         280.5000     0.672494E-14
         281.5000     0.316100E-13
         282.5000     0.497194E-13
         283.5000     0.459859E-13
         284.5000     0.251029E-13
         285.5000     0.909227E-14
         286.5000     0.408984E-13
         287.5000     0.560446E-13
         288.5000     0.508940E-13
         289.5000     0.630417E-13
         291.0000     0.770703E-13
         293.0000     0.758656E-13
         295.0000     0.733880E-13
         297.0000     0.742483E-13
         299.0000     0.761073E-13
         301.0000     0.790941E-13
         303.0000     0.817037E-13
         305.0000     0.872027E-13
         307.0000     0.783694E-13
         309.0000     0.731463E-13
         311.0000     0.809797E-13
         313.0000     0.749049E-13
         315.0000     0.717373E-13
         317.0000     0.820976E-13
         319.0000     0.778346E-13
         321.0000     0.869036E-13
         323.0000     0.831875E-13
         325.0000     0.103126E-12
         327.0000     0.117216E-12
         329.0000     0.118131E-12
         331.0000     0.114855E-12
         333.0000     0.113410E-12
         335.0000     0.111156E-12
         337.0000     0.872112E-13
         339.0000     0.106365E-12
         341.0000     0.111972E-12
         343.0000     0.124327E-12
         345.0000     0.121490E-12
         347.0000     0.127123E-12
         349.0000     0.133516E-12
         351.0000     0.139366E-12
         353.0000     0.132766E-12
         355.0000     0.149524E-12
         357.0000     0.130078E-12
         359.0000     0.128692E-12
         361.0000     0.137130E-12
         363.0000     0.138080E-12
         364.0000     0.138652E-12
         365.0000     0.148199E-12
         367.0000     0.152560E-12
         369.0000     0.148661E-12
         371.0000     0.155688E-12
         373.0000     0.131216E-12
         375.0000     0.143124E-12
         377.0000     0.162629E-12
         379.0000     0.167983E-12
         381.0000     0.172293E-12
         383.0000     0.134075E-12
         385.0000     0.167568E-12
         387.0000     0.158680E-12
         389.0000     0.156673E-12
         391.0000     0.160586E-12
         393.0000     0.916042E-13
         395.0000     0.155141E-12
         397.0000     0.110448E-12
         399.0000     0.187291E-12
         401.0000     0.198289E-12
         403.0000     0.196562E-12
         405.0000     0.195676E-12
         407.0000     0.192833E-12
         409.0000     0.206177E-12
         411.0000     0.200888E-12
         413.0000     0.204336E-12
         415.0000     0.201259E-12
         417.0000     0.204619E-12
         419.0000     0.198199E-12
         421.0000     0.196968E-12
         423.0000     0.189331E-12
         425.0000     0.190733E-12
         427.0000     0.183489E-12
         429.0000     0.166695E-12
         431.0000     0.138657E-12
         433.0000     0.197642E-12
         435.0000     0.192590E-12
         437.0000     0.198452E-12
         439.0000     0.192475E-12
         441.0000     0.205799E-12
         443.0000     0.217996E-12
         445.0000     0.215945E-12
         447.0000     0.221013E-12
         449.0000     0.225888E-12
         451.0000     0.231421E-12
         453.0000     0.221916E-12
         455.0000     0.226075E-12
         457.0000     0.232628E-12
         459.0000     0.230241E-12
         461.0000     0.232303E-12
         463.0000     0.233159E-12
         465.0000     0.232220E-12
         467.0000     0.236646E-12
         469.0000     0.236025E-12
         471.0000     0.233765E-12
         473.0000     0.235987E-12
         475.0000     0.236380E-12
         477.0000     0.235833E-12
         479.0000     0.235203E-12
         481.0000     0.236811E-12
         483.0000     0.235756E-12
         485.0000     0.234142E-12
         487.0000     0.220434E-12
         489.0000     0.233290E-12
         491.0000     0.234333E-12
         493.0000     0.230387E-12
         495.0000     0.233062E-12
         497.0000     0.237159E-12
         499.0000     0.230109E-12
         501.0000     0.224995E-12
         503.0000     0.232368E-12
         505.0000     0.229930E-12
         507.0000     0.234229E-12
         509.0000     0.231579E-12
         511.0000     0.231456E-12
         513.0000     0.230383E-12
         515.0000     0.226286E-12
         517.0000     0.213434E-12
         519.0000     0.216129E-12
         521.0000     0.223926E-12
         523.0000     0.228238E-12
         525.0000     0.233172E-12
         527.0000     0.221683E-12
         529.0000     0.231986E-12
         531.0000     0.234113E-12
         533.0000     0.225551E-12
         535.0000     0.231361E-12
         537.0000     0.230305E-12
         539.0000     0.229588E-12
         541.0000     0.227043E-12
         543.0000     0.228231E-12
         545.0000     0.229138E-12
         547.0000     0.229578E-12
         549.0000     0.230132E-12
         551.0000     0.228843E-12
         553.0000     0.229946E-12
         555.0000     0.231338E-12
         557.0000     0.227890E-12
         559.0000     0.225956E-12
         561.0000     0.226660E-12
         563.0000     0.229342E-12
         565.0000     0.229101E-12
         567.0000     0.226951E-12
         569.0000     0.228138E-12
         571.0000     0.225545E-12
         573.0000     0.228289E-12
         575.0000     0.226877E-12
         577.0000     0.226860E-12
         579.0000     0.225867E-12
         581.0000     0.226017E-12
         583.0000     0.225877E-12
         585.0000     0.224112E-12
         587.0000     0.224088E-12
         589.0000     0.218483E-12
         591.0000     0.223093E-12
         593.0000     0.222734E-12
         595.0000     0.222267E-12
         597.0000     0.221855E-12
         599.0000     0.221390E-12
         601.0000     0.220184E-12
         603.0000     0.219727E-12
         605.0000     0.220265E-12
         607.0000     0.219231E-12
         609.0000     0.218568E-12
         611.0000     0.217396E-12
         613.0000     0.213891E-12
         615.0000     0.215489E-12
         617.0000     0.212233E-12
         619.0000     0.215012E-12
         621.0000     0.215069E-12
         623.0000     0.213049E-12
         625.0000     0.211149E-12
         627.0000     0.213019E-12
         629.0000     0.212973E-12
         631.0000     0.211000E-12
         633.0000     0.210720E-12
         635.0000     0.211247E-12
         637.0000     0.210725E-12
         639.0000     0.209736E-12
         641.0000     0.207777E-12
         643.0000     0.207691E-12
         645.0000     0.206497E-12
         647.0000     0.206046E-12
         649.0000     0.204323E-12
         651.0000     0.206278E-12
         653.0000     0.206229E-12
         655.0000     0.203632E-12
         657.0000     0.188863E-12
         659.0000     0.203416E-12
         661.0000     0.203765E-12
         663.0000     0.203235E-12
         665.0000     0.202534E-12
         667.0000     0.201149E-12
         669.0000     0.201617E-12
         671.0000     0.200459E-12
         673.0000     0.200327E-12
         675.0000     0.199435E-12
         677.0000     0.198886E-12
         679.0000     0.198380E-12
         681.0000     0.197630E-12
         683.0000     0.197254E-12
         685.0000     0.196226E-12
         687.0000     0.195775E-12
         689.0000     0.195407E-12
         691.0000     0.194718E-12
         693.0000     0.194154E-12
         695.0000     0.193395E-12
         697.0000     0.192957E-12
         699.0000     0.192286E-12
         701.0000     0.191229E-12
         703.0000     0.190995E-12
         705.0000     0.190452E-12
         707.0000     0.189759E-12
         709.0000     0.189147E-12
         711.0000     0.188691E-12
         713.0000     0.187596E-12
         715.0000     0.186473E-12
         717.0000     0.186440E-12
         719.0000     0.185034E-12
         721.0000     0.184635E-12
         723.0000     0.184714E-12
         725.0000     0.184133E-12
         727.0000     0.183629E-12
         729.0000     0.182407E-12
         731.0000     0.182342E-12
         733.0000     0.181348E-12
         735.0000     0.181178E-12
         737.0000     0.180725E-12
         739.0000     0.179642E-12
         741.0000     0.178290E-12
         743.0000     0.178268E-12
         745.0000     0.177899E-12
         747.0000     0.177600E-12
         749.0000     0.176687E-12
         751.0000     0.176120E-12
         753.0000     0.175760E-12
         755.0000     0.175334E-12
         757.0000     0.174576E-12
         759.0000     0.173824E-12
         761.0000     0.173341E-12
         763.0000     0.172828E-12
         765.0000     0.172187E-12
         767.0000     0.170574E-12
         769.0000     0.171016E-12
         771.0000     0.169969E-12
         773.0000     0.169667E-12
         775.0000     0.168665E-12
         777.0000     0.168781E-12
         779.0000     0.168074E-12
         781.0000     0.167591E-12
         783.0000     0.166704E-12
         785.0000     0.166260E-12
         787.0000     0.165942E-12
         789.0000     0.165348E-12
         791.0000     0.164604E-12
         793.0000     0.163379E-12
         795.0000     0.162861E-12
         797.0000     0.162979E-12
         799.0000     0.162435E-12
         801.0000     0.161595E-12
         803.0000     0.161147E-12
         805.0000     0.160259E-12
         807.0000     0.160112E-12
         809.0000     0.159234E-12
         811.0000     0.158973E-12
         813.0000     0.158511E-12
         815.0000     0.157907E-12
         817.0000     0.157336E-12
         819.0000     0.155797E-12
         821.0000     0.155806E-12
         823.0000     0.154908E-12
         825.0000     0.155031E-12
         827.0000     0.154646E-12
         829.0000     0.154040E-12
         831.0000     0.153216E-12
         833.0000     0.151791E-12
         835.0000     0.152246E-12
         837.0000     0.151738E-12
         839.0000     0.149927E-12
         841.0000     0.150650E-12
         843.0000     0.149451E-12
         845.0000     0.149549E-12
         847.0000     0.148443E-12
         849.0000     0.147319E-12
         851.0000     0.143005E-12
         853.0000     0.146283E-12
         855.0000     0.132999E-12
         857.0000     0.146407E-12
         859.0000     0.145648E-12
         861.0000     0.144895E-12
         863.0000     0.144841E-12
         865.0000     0.143788E-12
         867.0000     0.132324E-12
         869.0000     0.141960E-12
         871.0000     0.142697E-12
         873.0000     0.142095E-12
         875.0000     0.140670E-12
         877.0000     0.141299E-12
         879.0000     0.140608E-12
         881.0000     0.138860E-12
         883.0000     0.138870E-12
         885.0000     0.139001E-12
         887.0000     0.137571E-12
         889.0000     0.138286E-12
         891.0000     0.137786E-12
         893.0000     0.137074E-12
         895.0000     0.136558E-12
         897.0000     0.136235E-12
         899.0000     0.135795E-12
         901.0000     0.133424E-12
         903.0000     0.134689E-12
         905.0000     0.134421E-12
         907.0000     0.133759E-12
         909.0000     0.132499E-12
         911.0000     0.132634E-12
         913.0000     0.132352E-12
         915.0000     0.131911E-12
         917.0000     0.131427E-12
         919.0000     0.131015E-12
         921.0000     0.130108E-12
         923.0000     0.128668E-12
         925.0000     0.128940E-12
         927.0000     0.128986E-12
         929.0000     0.128587E-12
         931.0000     0.128189E-12
         933.0000     0.127684E-12
         935.0000     0.127204E-12
         937.0000     0.126640E-12
         939.0000     0.126340E-12
         941.0000     0.124830E-12
         943.0000     0.125314E-12
         945.0000     0.124784E-12
         947.0000     0.124535E-12
         949.0000     0.124117E-12
         951.0000     0.123638E-12
         953.0000     0.123183E-12
         955.0000     0.121428E-12
         957.0000     0.122260E-12
         959.0000     0.121896E-12
         961.0000     0.121368E-12
         963.0000     0.120927E-12
         965.0000     0.120200E-12
         967.0000     0.119908E-12
         969.0000     0.119678E-12
         971.0000     0.119227E-12
         973.0000     0.118777E-12
         975.0000     0.118210E-12
         977.0000     0.117927E-12
         979.0000     0.117386E-12
         981.0000     0.117186E-12
         983.0000     0.116730E-12
         985.0000     0.116355E-12
         987.0000     0.115884E-12
         989.0000     0.115435E-12
         991.0000     0.115028E-12
         993.0000     0.114721E-12
         995.0000     0.114318E-12
         997.0000     0.113918E-12
         999.0000     0.113500E-12
        1002.5000     0.112728E-12
        1007.5000     0.111273E-12
        1012.5000     0.110793E-12
        1017.5000     0.109707E-12
        1022.5000     0.108838E-12
        1027.5000     0.107926E-12
        1032.5000     0.106740E-12
        1037.5000     0.105873E-12
        1042.5000     0.105142E-12
        1047.5000     0.104089E-12
        1052.5000     0.103327E-12
        1057.5000     0.102198E-12
        1062.5000     0.101221E-12
        1067.5000     0.100124E-12
        1072.5000     0.996754E-13
        1077.5000     0.984391E-13
        1082.5000     0.972704E-13
        1087.5000     0.967180E-13
        1092.5000     0.956743E-13
        1097.5000     0.951702E-13
        1102.5000     0.946713E-13
        1107.5000     0.940214E-13
        1112.5000     0.931627E-13
        1117.5000     0.923462E-13
        1122.5000     0.916926E-13
        1127.5000     0.907003E-13
        1132.5000     0.901401E-13
        1137.5000     0.893642E-13
        1142.5000     0.884077E-13
        1147.5000     0.880171E-13
        1152.5000     0.872983E-13
        1157.5000     0.865171E-13
        1162.5000     0.854769E-13
        1167.5000     0.850976E-13
        1172.5000     0.845405E-13
        1177.5000     0.836998E-13
        1182.5000     0.826921E-13
        1187.5000     0.820652E-13
        1192.5000     0.819036E-13
        1197.5000     0.803531E-13
        1202.5000     0.802027E-13
        1207.5000     0.795268E-13
        1212.5000     0.792109E-13
        1217.5000     0.787683E-13
        1222.5000     0.781766E-13
        1227.5000     0.774521E-13
        1232.5000     0.769888E-13
        1237.5000     0.763679E-13
        1242.5000     0.757917E-13
        1247.5000     0.752715E-13
        1252.5000     0.746962E-13
        1257.5000     0.741518E-13
        1262.5000     0.736017E-13
        1267.5000     0.730460E-13
        1272.5000     0.725440E-13
        1277.5000     0.720242E-13
        1282.5000     0.703111E-13
        1287.5000     0.709791E-13
        1292.5000     0.704424E-13
        1297.5000     0.699916E-13
        1302.5000     0.694891E-13
        1307.5000     0.690147E-13
        1312.5000     0.684009E-13
        1317.5000     0.678937E-13
        1322.5000     0.676003E-13
        1327.5000     0.670051E-13
        1332.5000     0.666218E-13
        1337.5000     0.662103E-13
        1342.5000     0.657924E-13
        1347.5000     0.653473E-13
        1352.5000     0.649278E-13
        1357.5000     0.644504E-13
        1362.5000     0.640195E-13
        1367.5000     0.636341E-13
        1372.5000     0.632425E-13
        1377.5000     0.628246E-13
        1382.5000     0.624411E-13
        1387.5000     0.620118E-13
        1392.5000     0.616068E-13
        1397.5000     0.612157E-13
        1402.5000     0.608093E-13
        1407.5000     0.604940E-13
        1412.5000     0.600665E-13
        1417.5000     0.597769E-13
        1422.5000     0.592628E-13
        1427.5000     0.588578E-13
        1432.5000     0.586716E-13
        1437.5000     0.583475E-13
        1442.5000     0.578057E-13
        1447.5000     0.576538E-13
        1452.5000     0.571759E-13
        1457.0000     0.568954E-13
        1462.0000     0.566413E-13
        1467.5000     0.563065E-13
        1472.5000     0.559247E-13
        1477.5000     0.556346E-13
        1482.5000     0.553296E-13
        1487.5000     0.544477E-13
        1492.5000     0.547540E-13
        1497.5000     0.544061E-13
        1502.5000     0.533066E-13
        1507.5000     0.533917E-13
        1512.5000     0.534579E-13
        1517.5000     0.531810E-13
        1522.5000     0.527910E-13
        1527.5000     0.524624E-13
        1532.5000     0.522021E-13
        1537.5000     0.518469E-13
        1542.5000     0.515355E-13
        1547.5000     0.513390E-13
        1552.5000     0.509770E-13
        1557.5000     0.505318E-13
        1562.5000     0.504364E-13
        1567.5000     0.499983E-13
        1572.5000     0.494795E-13
        1577.5000     0.489201E-13
        1582.5000     0.490779E-13
        1587.5000     0.479941E-13
        1592.5000     0.484408E-13
        1597.5000     0.480855E-13
        1605.0000     0.475851E-13
        1615.0000     0.466452E-13
        1625.0000     0.462615E-13
        1635.0000     0.453606E-13
        1645.0000     0.442022E-13
        1655.0000     0.437815E-13
        1665.0000     0.428910E-13
        1675.0000     0.418958E-13
        1685.0000     0.406985E-13
        1695.0000     0.403997E-13
        1705.0000     0.395583E-13
        1715.0000     0.386751E-13
        1725.0000     0.379835E-13
        1735.0000     0.366244E-13
        1745.0000     0.364952E-13
        1755.0000     0.358504E-13
        1765.0000     0.351379E-13
        1775.0000     0.344757E-13
        1785.0000     0.338200E-13
        1795.0000     0.331887E-13
        1805.0000     0.325339E-13
        1815.0000     0.314091E-13
        1825.0000     0.312671E-13
        1835.0000     0.307395E-13
        1845.0000     0.301090E-13
        1855.0000     0.295849E-13
        1865.0000     0.290318E-13
        1875.0000     0.276825E-13
        1885.0000     0.279663E-13
        1895.0000     0.273786E-13
        1905.0000     0.269653E-13
        1915.0000     0.264650E-13
        1925.0000     0.260047E-13
        1935.0000     0.254912E-13
        1945.0000     0.245413E-13
        1955.0000     0.245915E-13
        1965.0000     0.241831E-13
        1975.0000     0.236590E-13
        1985.0000     0.233094E-13
        1995.0000     0.229031E-13
        2005.0000     0.225371E-13
        2015.0000     0.221536E-13
        2025.0000     0.217532E-13
        2035.0000     0.213457E-13
        2045.0000     0.210230E-13
        2055.0000     0.206556E-13
        2065.0000     0.202585E-13
        2075.0000     0.199569E-13
        2085.0000     0.196162E-13
        2095.0000     0.192592E-13
        2105.0000     0.189686E-13
        2115.0000     0.186484E-13
        2125.0000     0.183375E-13
        2135.0000     0.180233E-13
        2145.0000     0.177391E-13
        2155.0000     0.174429E-13
        2165.0000     0.168450E-13
        2175.0000     0.168524E-13
        2185.0000     0.165701E-13
        2195.0000     0.163320E-13
        2205.0000     0.160346E-13
        2215.0000     0.158082E-13
        2225.0000     0.155465E-13
        2235.0000     0.153003E-13
        2245.0000     0.150617E-13
        2255.0000     0.148117E-13
        2265.0000     0.145767E-13
        2275.0000     0.143563E-13
        2285.0000     0.141209E-13
        2295.0000     0.138708E-13
        2305.0000     0.136823E-13
        2315.0000     0.134714E-13
        2325.0000     0.132105E-13
        2335.0000     0.130379E-13
        2345.0000     0.128573E-13
        2355.0000     0.126033E-13
        2365.0000     0.124524E-13
        2375.0000     0.122697E-13
        2385.0000     0.120357E-13
        2395.0000     0.118920E-13
        2405.0000     0.117205E-13
        2415.0000     0.115120E-13
        2425.0000     0.113619E-13
        2435.0000     0.111977E-13
        2445.0000     0.110230E-13
        2455.0000     0.108476E-13
        2465.0000     0.107157E-13
        2475.0000     0.105448E-13
        2485.0000     0.103485E-13
        2495.0000     0.102472E-13
        2505.0000     0.101076E-13
        2515.0000     0.994867E-14
        2525.0000     0.979794E-14
        2535.0000     0.967311E-14
        2545.0000     0.952924E-14
        2555.0000     0.939612E-14
        2565.0000     0.924732E-14
        2575.0000     0.914098E-14
        2585.0000     0.898442E-14
        2595.0000     0.888402E-14
        2605.0000     0.875951E-14
        2615.0000     0.861983E-14
        2625.0000     0.837086E-14
        2635.0000     0.838743E-14
        2645.0000     0.827485E-14
        2655.0000     0.814472E-14
        2665.0000     0.802708E-14
        2675.0000     0.791901E-14
        2685.0000     0.784154E-14
        2695.0000     0.773599E-14
        2705.0000     0.762917E-14
        2715.0000     0.752631E-14
        2725.0000     0.742733E-14
        2735.0000     0.732704E-14
        2745.0000     0.723055E-14
        2755.0000     0.710246E-14
        2765.0000     0.703364E-14
        2775.0000     0.694574E-14
        2785.0000     0.685398E-14
        2795.0000     0.675844E-14
        2805.0000     0.666896E-14
        2815.0000     0.658542E-14
        2825.0000     0.650048E-14
        2835.0000     0.641896E-14
        2845.0000     0.633370E-14
        2855.0000     0.625182E-14
        2865.0000     0.616859E-14
        2875.0000     0.605624E-14
        2885.0000     0.601433E-14
        2895.0000     0.593858E-14
        2905.0000     0.586146E-14
        2915.0000     0.578976E-14
        2925.0000     0.570995E-14
        2935.0000     0.563998E-14
        2945.0000     0.556642E-14
        2955.0000     0.550030E-14
        2965.0000     0.542622E-14
        2975.0000     0.536384E-14
        2985.0000     0.530003E-14
        2995.0000     0.523053E-14
        3005.0000     0.516185E-14
        3015.0000     0.510449E-14
        3025.0000     0.504150E-14
        3035.0000     0.495012E-14
        3045.0000     0.490320E-14
        3055.0000     0.485884E-14
        3065.0000     0.479865E-14
        3075.0000     0.474116E-14
        3085.0000     0.468029E-14
        3095.0000     0.462211E-14
        3105.0000     0.457252E-14
        3115.0000     0.450571E-14
        3125.0000     0.446319E-14
        3135.0000     0.440164E-14
        3145.0000     0.435821E-14
        3155.0000     0.429792E-14
        3165.0000     0.425742E-14
        3175.0000     0.420025E-14
        3185.0000     0.415126E-14
        3195.0000     0.410468E-14
        3210.0000     0.403481E-14
        3230.0000     0.393727E-14
        3250.0000     0.385270E-14
        3270.0000     0.376453E-14
        3290.0000     0.365698E-14
        3310.0000     0.359544E-14
        3330.0000     0.350920E-14
        3350.0000     0.343501E-14
        3370.0000     0.336063E-14
        3390.0000     0.327777E-14
        3410.0000     0.321144E-14
        3430.0000     0.314479E-14
        3450.0000     0.307143E-14
        3470.0000     0.300909E-14
        3490.0000     0.294640E-14
        3510.0000     0.288028E-14
        3530.0000     0.281700E-14
        3550.0000     0.276103E-14
        3570.0000     0.269863E-14
        3590.0000     0.264339E-14
        3610.0000     0.259214E-14
        3630.0000     0.253604E-14
        3650.0000     0.248389E-14
        3670.0000     0.243129E-14
        3690.0000     0.238251E-14
        3710.0000     0.233324E-14
        3730.0000     0.228626E-14
        3750.0000     0.223470E-14
        3770.0000     0.219623E-14
        3790.0000     0.215445E-14
        3810.0000     0.210946E-14
        3830.0000     0.206921E-14
        3850.0000     0.202839E-14
        3870.0000     0.198958E-14
        3890.0000     0.195019E-14
        3910.0000     0.191275E-14
        3930.0000     0.187598E-14
        3950.0000     0.184107E-14
        3970.0000     0.180556E-14
        3990.0000     0.176946E-14
        4010.0000     0.173756E-14
        4030.0000     0.170385E-14
        4050.0000     0.166488E-14
        4070.0000     0.164047E-14
        4090.0000     0.161187E-14
        4110.0000     0.158148E-14
        4130.0000     0.155273E-14
        4150.0000     0.152446E-14
        4170.0000     0.149555E-14
        4190.0000     0.146931E-14
        4210.0000     0.144026E-14
        4230.0000     0.141704E-14
        4250.0000     0.139101E-14
        4270.0000     0.136645E-14
        4290.0000     0.133605E-14
        4310.0000     0.130513E-14
        4330.0000     0.128493E-14
        4350.0000     0.125391E-14
        4370.0000     0.122742E-14
        4390.0000     0.120930E-14
        4410.0000     0.118063E-14
        4430.0000     0.116219E-14
        4450.0000     0.114210E-14
        4470.0000     0.111657E-14
        4490.0000     0.110189E-14
        4510.0000     0.108178E-14
        4530.0000     0.106012E-14
        4550.0000     0.104527E-14
        4570.0000     0.102972E-14
        4590.0000     0.100804E-14
        4610.0000     0.994811E-15
        4630.0000     0.977302E-15
        4650.0000     0.963599E-15
        4670.0000     0.949217E-15
        4690.0000     0.934173E-15
        4710.0000     0.920214E-15
        4730.0000     0.908169E-15
        4750.0000     0.892050E-15
        4770.0000     0.877851E-15
        4790.0000     0.865528E-15
        4810.0000     0.850068E-15
        4830.0000     0.838939E-15
        4850.0000     0.825521E-15
        4870.0000     0.812295E-15
        4890.0000     0.799817E-15
        4910.0000     0.788310E-15
        4930.0000     0.775466E-15
        4950.0000     0.763898E-15
        4970.0000     0.751715E-15
        4990.0000     0.741779E-15
        5010.0000     0.728849E-15
        5030.0000     0.719432E-15
        5050.0000     0.706611E-15
        5070.0000     0.696875E-15
        5090.0000     0.687935E-15
        5110.0000     0.676474E-15
        5130.0000     0.666261E-15
        5150.0000     0.656692E-15
        5170.0000     0.648755E-15
        5190.0000     0.637722E-15
        5210.0000     0.628320E-15
        5230.0000     0.619323E-15
        5250.0000     0.611000E-15
        5270.0000     0.602717E-15
        5290.0000     0.592625E-15
        5310.0000     0.585317E-15
        5330.0000     0.576281E-15
        5350.0000     0.568903E-15
        5370.0000     0.560888E-15
        5390.0000     0.553108E-15
        5410.0000     0.545427E-15
        5430.0000     0.536935E-15
        5450.0000     0.530358E-15
        5470.0000     0.522903E-15
        5490.0000     0.515351E-15
        5510.0000     0.508904E-15
        5530.0000     0.502349E-15
        5550.0000     0.494508E-15
        5570.0000     0.488741E-15
        5590.0000     0.481450E-15
        5610.0000     0.475103E-15
        5630.0000     0.468652E-15
        5650.0000     0.462880E-15
        5670.0000     0.456762E-15
        5690.0000     0.450185E-15
        5710.0000     0.444570E-15
        5730.0000     0.438672E-15
        5750.0000     0.432845E-15
        5770.0000     0.427146E-15
        5790.0000     0.421744E-15
        5810.0000     0.416066E-15
        5830.0000     0.410681E-15
        5850.0000     0.405471E-15
        5870.0000     0.400045E-15
        5890.0000     0.394849E-15
        5910.0000     0.389385E-15
        5930.0000     0.384802E-15
        5950.0000     0.379677E-15
        5970.0000     0.375096E-15
        5990.0000     0.370300E-15
        6010.0000     0.365560E-15
        6030.0000     0.360927E-15
        6050.0000     0.356295E-15
        6070.0000     0.351768E-15
        6090.0000     0.347344E-15
        6110.0000     0.342868E-15
        6130.0000     0.338698E-15
        6150.0000     0.334524E-15
        6170.0000     0.330347E-15
        6190.0000     0.326266E-15
        6210.0000     0.322232E-15
        6230.0000     0.318143E-15
        6250.0000     0.314198E-15
        6270.0000     0.310443E-15
        6290.0000     0.306536E-15
        6310.0000     0.302816E-15
        6330.0000     0.299233E-15
        6350.0000     0.295546E-15
        6370.0000     0.291995E-15
        6390.0000     0.288434E-15
        6420.0000     0.283282E-15
        6460.0000     0.276527E-15
        6500.0000     0.269961E-15
        6540.0000     0.263624E-15
        6580.0000     0.257510E-15
        6620.0000     0.251480E-15
        6660.0000     0.245662E-15
        6700.0000     0.240007E-15
        6740.0000     0.234511E-15
        6780.0000     0.229169E-15
        6820.0000     0.224018E-15
        6860.0000     0.218972E-15
        6900.0000     0.214067E-15
        6940.0000     0.209301E-15
        6980.0000     0.204668E-15
        7020.0000     0.200166E-15
        7060.0000     0.195791E-15
        7100.0000     0.191540E-15
        7140.0000     0.187409E-15
        7180.0000     0.183358E-15
        7220.0000     0.179422E-15
        7260.0000     0.175597E-15
        7300.0000     0.171881E-15
        7340.0000     0.168271E-15
        7380.0000     0.164729E-15
        7420.0000     0.161323E-15
        7460.0000     0.157774E-15
        7500.0000     0.154598E-15
        7540.0000     0.151513E-15
        7580.0000     0.148418E-15
        7620.0000     0.145413E-15
        7660.0000     0.142462E-15
        7700.0000     0.139597E-15
        7740.0000     0.136816E-15
        7780.0000     0.134083E-15
        7820.0000     0.131431E-15
        7860.0000     0.128826E-15
        7900.0000     0.126328E-15
        7940.0000     0.123843E-15
        7980.0000     0.121432E-15
        8020.0000     0.119093E-15
        8060.0000     0.116793E-15
        8100.0000     0.114563E-15
        8140.0000     0.112370E-15
        8180.0000     0.110244E-15
        8220.0000     0.108153E-15
        8260.0000     0.106126E-15
        8300.0000     0.104132E-15
        8340.0000     0.102200E-15
        8380.0000     0.100326E-15
        8420.0000     0.984571E-16
        8460.0000     0.966452E-16
        8500.0000     0.948896E-16
        8540.0000     0.931625E-16
        8580.0000     0.914635E-16
        8620.0000     0.898177E-16
        8660.0000     0.882238E-16
        8700.0000     0.866301E-16
        8740.0000     0.850868E-16
        8780.0000     0.835929E-16
        8820.0000     0.821225E-16
        8860.0000     0.806752E-16
        8900.0000     0.792506E-16
        8940.0000     0.778960E-16
        8980.0000     0.765387E-16
        9020.0000     0.752258E-16
        9060.0000     0.739332E-16
        9100.0000     0.726602E-16
        9140.0000     0.714067E-16
        9180.0000     0.702177E-16
        9220.0000     0.690240E-16
        9260.0000     0.678483E-16
        9300.0000     0.667346E-16
        9340.0000     0.656154E-16
        9380.0000     0.645128E-16
        9420.0000     0.634697E-16
        9460.0000     0.623992E-16
        9500.0000     0.613868E-16
        9540.0000     0.603891E-16
        9580.0000     0.593851E-16
        9620.0000     0.584370E-16
        9660.0000     0.574615E-16
        9700.0000     0.565815E-16
        9740.0000     0.556737E-16
        9780.0000     0.547387E-16
        9820.0000     0.539163E-16
        9860.0000     0.530661E-16
        9900.0000     0.522083E-16
        9940.0000     0.513819E-16
        9980.0000     0.506056E-16
       10020.0000     0.498209E-16
       20000.0000     0.326367E-17
       40000.0000     0.207660E-18
       60000.0000     0.411464E-19
       80000.0000     0.130102E-19
      100000.0000     0.531801E-20
      120000.0000     0.255868E-20
      140000.0000     0.137862E-20
      160000.0000     0.805655E-21
