#FILENAME  G   BP   RP  V  g  r
# FT5250G450M300K200A040.DAT     5.20593    5.58246    4.64972    5.44294    5.77895    5.25223
           9.0900     0.000000E+00
           9.3500     0.000000E+00
           9.6100     0.000000E+00
           9.7700     0.000000E+00
           9.9600     0.000000E+00
          10.2000     0.000000E+00
          10.3800     0.000000E+00
          10.5600     0.000000E+00
          10.7700     0.000000E+00
          11.0400     0.000000E+00
          11.4000     0.000000E+00
          11.7800     0.000000E+00
          12.1300     0.000000E+00
          12.4800     0.000000E+00
          12.7100     0.000000E+00
          12.8400     0.000000E+00
          13.0500     0.000000E+00
          13.2400     0.000000E+00
          13.3900     0.000000E+00
          13.6600     0.000000E+00
          13.9800     0.000000E+00
          14.3300     0.000000E+00
          14.7200     0.000000E+00
          15.1000     0.000000E+00
          15.5200     0.000000E+00
          15.8800     0.000000E+00
          16.2000     0.000000E+00
          16.6000     0.000000E+00
          17.0300     0.000000E+00
          17.3400     0.000000E+00
          17.6800     0.000000E+00
          18.0200     0.000000E+00
          18.1700     0.000000E+00
          18.6100     0.000000E+00
          19.1000     0.000000E+00
          19.3900     0.000000E+00
          19.8400     0.000000E+00
          20.1800     0.000000E+00
          20.5000     0.000000E+00
          21.0500     0.000000E+00
          21.6200     0.000000E+00
          21.9800     0.000000E+00
          22.3000     0.000000E+00
          22.6800     0.000000E+00
          23.0000     0.000000E+00
          23.4000     0.000000E+00
          24.0000     0.000000E+00
          24.6500     0.000000E+00
          25.2400     0.000000E+00
          25.6800     0.000000E+00
          26.0000     0.000000E+00
          26.4000     0.000000E+00
          26.8500     0.000000E+00
          27.3500     0.000000E+00
          27.8500     0.000000E+00
          28.4000     0.000000E+00
          29.0000     0.000000E+00
          29.6000     0.000000E+00
          30.1000     0.000000E+00
          30.8000     0.000000E+00
          31.8000     0.000000E+00
          32.8000     0.000000E+00
          33.8000     0.000000E+00
          34.8000     0.000000E+00
          35.7000     0.000000E+00
          36.6000     0.000000E+00
          37.5000     0.000000E+00
          38.5000     0.000000E+00
          39.5000     0.000000E+00
          40.5000     0.000000E+00
          41.4000     0.000000E+00
          42.2000     0.000000E+00
          43.0000     0.000000E+00
          44.1000     0.000000E+00
          45.1000     0.000000E+00
          46.0000     0.000000E+00
          47.0000     0.000000E+00
          48.0000     0.000000E+00
          49.0000     0.000000E+00
          50.0000     0.000000E+00
          50.6000     0.000000E+00
          51.2000     0.000000E+00
          52.0000     0.000000E+00
          53.0000     0.000000E+00
          54.0000     0.000000E+00
          55.0000     0.287095E-37
          56.0000     0.803014E-37
          57.0000     0.216022E-36
          58.0000     0.554183E-36
          59.0000     0.140285E-35
          60.0000     0.339916E-35
          61.0000     0.798225E-35
          62.0000     0.181887E-34
          63.0000     0.402883E-34
          64.0000     0.869146E-34
          65.0000     0.182709E-33
          65.8000     0.325271E-33
          66.5000     0.532209E-33
          67.5000     0.105455E-32
          68.5000     0.204429E-32
          69.5000     0.388099E-32
          70.5000     0.722431E-32
          71.6000     0.139894E-31
          72.6000     0.250370E-31
          73.5000     0.416521E-31
          74.5000     0.721809E-31
          75.5000     0.123093E-30
          76.5000     0.206710E-30
          77.5000     0.341794E-30
          78.5000     0.557826E-30
          79.5000     0.897176E-30
          80.5000     0.142469E-29
          81.5000     0.223353E-29
          82.5000     0.346075E-29
          83.5000     0.529825E-29
          84.5000     0.801920E-29
          85.5000     0.120084E-28
          86.5000     0.177956E-28
          87.5000     0.261131E-28
          88.5000     0.379227E-28
          89.5000     0.545800E-28
          90.5000     0.778377E-28
          91.5000     0.930491E-24
          92.5000     0.397049E-23
          93.5000     0.562529E-23
          94.5000     0.796652E-23
          95.5000     0.114583E-22
          96.5000     0.163282E-22
          97.5000     0.178242E-22
          98.5000     0.335150E-22
          99.5000     0.479323E-22
         100.5000     0.564822E-22
         101.5000     0.653010E-22
         102.5000     0.789613E-22
         103.5000     0.132021E-21
         104.5000     0.191673E-21
         105.5000     0.233823E-21
         106.5000     0.355239E-21
         107.5000     0.450242E-21
         108.5000     0.644671E-21
         109.5000     0.796178E-21
         110.5000     0.104610E-20
         111.5000     0.127974E-20
         112.5000     0.177336E-20
         113.5000     0.237106E-20
         114.5000     0.301197E-20
         115.5000     0.361034E-20
         116.5000     0.417228E-20
         117.5000     0.464113E-20
         118.5000     0.610826E-20
         119.5000     0.567120E-20
         120.5000     0.534930E-20
         121.5000     0.349217E-20
         122.5000     0.778834E-20
         123.5000     0.128570E-19
         124.5000     0.118976E-19
         125.5000     0.209980E-19
         126.5000     0.321678E-19
         127.5000     0.434454E-19
         128.5000     0.609453E-19
         129.5000     0.760744E-19
         130.5000     0.106039E-18
         131.5000     0.128021E-18
         132.5000     0.161328E-18
         133.5000     0.193412E-18
         134.5000     0.235431E-18
         135.5000     0.280991E-18
         136.5000     0.345957E-18
         137.5000     0.405263E-18
         138.5000     0.479598E-18
         139.5000     0.562296E-18
         140.5000     0.644929E-18
         141.5000     0.791746E-18
         142.5000     0.884977E-18
         143.5000     0.103599E-17
         144.2000     0.118344E-17
         144.7000     0.120729E-17
         145.5000     0.141115E-17
         146.5000     0.153382E-17
         147.5000     0.180884E-17
         148.5000     0.204335E-17
         149.5000     0.238368E-17
         150.5000     0.274272E-17
         151.2000     0.300638E-17
         151.7000     0.302820E-17
         152.5000     0.346258E-17
         153.5000     0.391989E-17
         154.5000     0.426964E-17
         155.5000     0.479463E-17
         156.5000     0.509166E-17
         157.5000     0.581927E-17
         158.5000     0.642069E-17
         159.5000     0.715039E-17
         160.5000     0.787262E-17
         161.5000     0.917045E-17
         162.5000     0.106244E-16
         163.5000     0.124720E-16
         164.5000     0.152507E-16
         165.5000     0.167659E-16
         166.5000     0.208756E-16
         167.2000     0.225781E-16
         167.7000     0.247044E-16
         168.5000     0.278428E-16
         169.5000     0.316079E-16
         170.5000     0.362843E-16
         171.5000     0.425361E-16
         172.5000     0.494004E-16
         173.5000     0.595648E-16
         174.5000     0.755940E-16
         175.5000     0.125532E-15
         176.5000     0.201139E-15
         177.5000     0.443467E-15
         178.5000     0.899143E-15
         179.5000     0.148529E-14
         180.5000     0.172633E-14
         181.5000     0.223578E-14
         182.5000     0.235969E-14
         183.5000     0.327414E-14
         184.5000     0.181712E-14
         185.5000     0.313324E-14
         186.5000     0.463363E-14
         187.5000     0.479841E-14
         188.5000     0.526773E-14
         189.5000     0.596740E-14
         190.5000     0.569384E-14
         191.5000     0.718023E-14
         192.5000     0.789135E-14
         193.5000     0.698654E-14
         194.5000     0.846390E-14
         195.5000     0.902389E-14
         196.7000     0.103198E-13
         197.6000     0.982382E-14
         198.4000     0.954529E-14
         199.5000     0.110522E-13
         200.5000     0.107088E-13
         201.5000     0.122724E-13
         202.5000     0.958765E-14
         203.5000     0.136694E-13
         204.5000     0.152441E-13
         205.5000     0.153183E-13
         206.5000     0.158619E-13
         207.4000     0.185115E-13
         207.8000     0.183604E-13
         208.5000     0.180347E-13
         209.5000     0.183473E-13
         210.5000     0.180091E-13
         211.5000     0.202195E-13
         212.5000     0.182358E-13
         213.5000     0.207541E-13
         214.5000     0.225464E-13
         215.5000     0.223542E-13
         216.5000     0.211267E-13
         217.5000     0.222405E-13
         218.5000     0.248732E-13
         219.5000     0.269882E-13
         220.5000     0.265195E-13
         221.5000     0.237864E-13
         222.5000     0.295920E-13
         223.5000     0.325251E-13
         224.5000     0.320118E-13
         225.5000     0.300414E-13
         226.5000     0.281455E-13
         227.5000     0.298633E-13
         228.5000     0.325257E-13
         229.5000     0.311739E-13
         230.5000     0.350887E-13
         231.5000     0.364836E-13
         232.5000     0.352351E-13
         233.5000     0.347232E-13
         234.5000     0.305483E-13
         235.5000     0.403306E-13
         236.5000     0.341732E-13
         237.5000     0.391789E-13
         238.5000     0.298722E-13
         239.5000     0.366911E-13
         240.5000     0.368501E-13
         241.5000     0.383515E-13
         242.5000     0.486846E-13
         243.5000     0.465737E-13
         244.5000     0.492047E-13
         245.5000     0.503616E-13
         246.5000     0.504266E-13
         247.5000     0.490508E-13
         248.5000     0.388262E-13
         249.5000     0.438069E-13
         250.5000     0.499887E-13
         251.3000     0.402401E-13
         251.8000     0.235529E-13
         252.5000     0.321392E-13
         253.5000     0.454749E-13
         254.5000     0.472471E-13
         255.5000     0.552385E-13
         256.5000     0.559438E-13
         257.5000     0.613153E-13
         258.5000     0.615870E-13
         259.5000     0.588666E-13
         260.5000     0.575689E-13
         261.5000     0.549731E-13
         262.5000     0.628370E-13
         263.5000     0.669119E-13
         264.5000     0.783415E-13
         265.5000     0.813385E-13
         266.5000     0.770622E-13
         267.5000     0.805282E-13
         268.5000     0.847109E-13
         269.5000     0.805239E-13
         270.5000     0.836461E-13
         271.5000     0.758867E-13
         272.5000     0.753307E-13
         273.5000     0.782114E-13
         274.5000     0.692048E-13
         275.5000     0.753643E-13
         276.5000     0.852904E-13
         277.5000     0.853234E-13
         278.5000     0.742679E-13
         279.5000     0.274064E-13
         280.5000     0.369714E-13
         281.5000     0.881600E-13
         282.5000     0.933919E-13
         283.5000     0.909949E-13
         284.5000     0.749539E-13
         285.5000     0.358992E-13
         286.5000     0.898691E-13
         287.5000     0.973308E-13
         288.5000     0.935742E-13
         289.5000     0.104491E-12
         291.0000     0.109590E-12
         293.0000     0.110820E-12
         295.0000     0.109543E-12
         297.0000     0.111524E-12
         299.0000     0.113786E-12
         301.0000     0.114710E-12
         303.0000     0.116788E-12
         305.0000     0.122570E-12
         307.0000     0.114354E-12
         309.0000     0.112678E-12
         311.0000     0.117925E-12
         313.0000     0.122678E-12
         315.0000     0.120450E-12
         317.0000     0.129855E-12
         319.0000     0.129812E-12
         321.0000     0.136637E-12
         323.0000     0.135556E-12
         325.0000     0.145514E-12
         327.0000     0.154682E-12
         329.0000     0.157850E-12
         331.0000     0.158780E-12
         333.0000     0.157569E-12
         335.0000     0.158782E-12
         337.0000     0.148623E-12
         339.0000     0.159589E-12
         341.0000     0.162466E-12
         343.0000     0.168797E-12
         345.0000     0.164915E-12
         347.0000     0.170017E-12
         349.0000     0.174992E-12
         351.0000     0.177356E-12
         353.0000     0.177042E-12
         355.0000     0.185082E-12
         357.0000     0.178055E-12
         359.0000     0.178455E-12
         361.0000     0.182948E-12
         363.0000     0.187623E-12
         364.0000     0.188473E-12
         365.0000     0.191179E-12
         367.0000     0.196210E-12
         369.0000     0.192682E-12
         371.0000     0.195062E-12
         373.0000     0.180864E-12
         375.0000     0.189970E-12
         377.0000     0.200221E-12
         379.0000     0.204379E-12
         381.0000     0.208704E-12
         383.0000     0.187731E-12
         385.0000     0.209041E-12
         387.0000     0.206246E-12
         389.0000     0.204764E-12
         391.0000     0.210816E-12
         393.0000     0.168379E-12
         395.0000     0.216387E-12
         397.0000     0.183350E-12
         399.0000     0.225783E-12
         401.0000     0.228181E-12
         403.0000     0.227573E-12
         405.0000     0.229067E-12
         407.0000     0.228093E-12
         409.0000     0.234682E-12
         411.0000     0.227983E-12
         413.0000     0.235099E-12
         415.0000     0.234395E-12
         417.0000     0.237658E-12
         419.0000     0.234740E-12
         421.0000     0.233704E-12
         423.0000     0.231606E-12
         425.0000     0.233778E-12
         427.0000     0.231383E-12
         429.0000     0.226838E-12
         431.0000     0.214119E-12
         433.0000     0.237885E-12
         435.0000     0.233274E-12
         437.0000     0.241171E-12
         439.0000     0.239277E-12
         441.0000     0.243118E-12
         443.0000     0.247466E-12
         445.0000     0.247858E-12
         447.0000     0.248807E-12
         449.0000     0.250585E-12
         451.0000     0.252040E-12
         453.0000     0.250472E-12
         455.0000     0.251975E-12
         457.0000     0.253167E-12
         459.0000     0.253602E-12
         461.0000     0.254019E-12
         463.0000     0.254599E-12
         465.0000     0.254716E-12
         467.0000     0.255437E-12
         469.0000     0.255614E-12
         471.0000     0.255605E-12
         473.0000     0.256102E-12
         475.0000     0.256326E-12
         477.0000     0.256454E-12
         479.0000     0.256570E-12
         481.0000     0.256841E-12
         483.0000     0.256771E-12
         485.0000     0.255960E-12
         487.0000     0.243688E-12
         489.0000     0.256355E-12
         491.0000     0.257130E-12
         493.0000     0.255521E-12
         495.0000     0.255883E-12
         497.0000     0.257472E-12
         499.0000     0.256566E-12
         501.0000     0.255666E-12
         503.0000     0.257118E-12
         505.0000     0.255686E-12
         507.0000     0.257026E-12
         509.0000     0.256710E-12
         511.0000     0.256318E-12
         513.0000     0.256361E-12
         515.0000     0.255240E-12
         517.0000     0.247394E-12
         519.0000     0.249259E-12
         521.0000     0.253134E-12
         523.0000     0.253862E-12
         525.0000     0.255892E-12
         527.0000     0.252230E-12
         529.0000     0.255253E-12
         531.0000     0.255236E-12
         533.0000     0.252380E-12
         535.0000     0.254377E-12
         537.0000     0.253416E-12
         539.0000     0.253252E-12
         541.0000     0.252496E-12
         543.0000     0.251808E-12
         545.0000     0.251188E-12
         547.0000     0.252555E-12
         549.0000     0.252497E-12
         551.0000     0.251929E-12
         553.0000     0.251738E-12
         555.0000     0.251606E-12
         557.0000     0.250852E-12
         559.0000     0.250102E-12
         561.0000     0.249964E-12
         563.0000     0.249944E-12
         565.0000     0.249557E-12
         567.0000     0.249051E-12
         569.0000     0.248722E-12
         571.0000     0.248099E-12
         573.0000     0.247828E-12
         575.0000     0.247382E-12
         577.0000     0.246878E-12
         579.0000     0.246432E-12
         581.0000     0.245929E-12
         583.0000     0.245428E-12
         585.0000     0.244872E-12
         587.0000     0.244429E-12
         589.0000     0.241337E-12
         591.0000     0.243379E-12
         593.0000     0.242884E-12
         595.0000     0.242336E-12
         597.0000     0.241789E-12
         599.0000     0.241298E-12
         601.0000     0.240702E-12
         603.0000     0.240162E-12
         605.0000     0.239623E-12
         607.0000     0.239034E-12
         609.0000     0.238499E-12
         611.0000     0.237864E-12
         613.0000     0.236773E-12
         615.0000     0.236653E-12
         617.0000     0.235524E-12
         619.0000     0.235504E-12
         621.0000     0.234982E-12
         623.0000     0.234265E-12
         625.0000     0.233602E-12
         627.0000     0.233137E-12
         629.0000     0.232576E-12
         631.0000     0.231874E-12
         633.0000     0.231271E-12
         635.0000     0.230767E-12
         637.0000     0.230122E-12
         639.0000     0.229481E-12
         641.0000     0.228750E-12
         643.0000     0.228117E-12
         645.0000     0.227303E-12
         647.0000     0.226723E-12
         649.0000     0.225874E-12
         651.0000     0.225663E-12
         653.0000     0.224956E-12
         655.0000     0.221844E-12
         657.0000     0.202394E-12
         659.0000     0.222554E-12
         661.0000     0.222437E-12
         663.0000     0.221794E-12
         665.0000     0.221155E-12
         667.0000     0.220433E-12
         669.0000     0.219844E-12
         671.0000     0.219174E-12
         673.0000     0.218507E-12
         675.0000     0.217845E-12
         677.0000     0.217186E-12
         679.0000     0.216532E-12
         681.0000     0.215840E-12
         683.0000     0.215193E-12
         685.0000     0.214510E-12
         687.0000     0.213831E-12
         689.0000     0.213196E-12
         691.0000     0.212526E-12
         693.0000     0.211819E-12
         695.0000     0.211157E-12
         697.0000     0.210499E-12
         699.0000     0.209805E-12
         701.0000     0.209116E-12
         703.0000     0.208471E-12
         705.0000     0.207790E-12
         707.0000     0.207115E-12
         709.0000     0.206443E-12
         711.0000     0.205738E-12
         713.0000     0.205037E-12
         715.0000     0.204304E-12
         717.0000     0.203724E-12
         719.0000     0.203000E-12
         721.0000     0.202317E-12
         723.0000     0.201676E-12
         725.0000     0.201002E-12
         727.0000     0.200332E-12
         729.0000     0.199631E-12
         731.0000     0.198970E-12
         733.0000     0.198278E-12
         735.0000     0.197626E-12
         737.0000     0.196942E-12
         739.0000     0.196264E-12
         741.0000     0.195554E-12
         743.0000     0.194885E-12
         745.0000     0.194254E-12
         747.0000     0.193592E-12
         749.0000     0.192901E-12
         751.0000     0.192215E-12
         753.0000     0.191567E-12
         755.0000     0.190889E-12
         757.0000     0.190216E-12
         759.0000     0.189547E-12
         761.0000     0.188883E-12
         763.0000     0.188223E-12
         765.0000     0.187567E-12
         767.0000     0.186818E-12
         769.0000     0.186236E-12
         771.0000     0.185561E-12
         773.0000     0.184923E-12
         775.0000     0.184225E-12
         777.0000     0.183595E-12
         779.0000     0.182937E-12
         781.0000     0.182284E-12
         783.0000     0.181635E-12
         785.0000     0.180990E-12
         787.0000     0.180350E-12
         789.0000     0.179683E-12
         791.0000     0.179051E-12
         793.0000     0.178362E-12
         795.0000     0.177708E-12
         797.0000     0.177119E-12
         799.0000     0.176473E-12
         801.0000     0.175802E-12
         803.0000     0.175165E-12
         805.0000     0.174502E-12
         807.0000     0.173903E-12
         809.0000     0.173249E-12
         811.0000     0.172629E-12
         813.0000     0.172012E-12
         815.0000     0.171371E-12
         817.0000     0.170734E-12
         819.0000     0.170044E-12
         821.0000     0.169500E-12
         823.0000     0.168847E-12
         825.0000     0.168255E-12
         827.0000     0.167666E-12
         829.0000     0.167025E-12
         831.0000     0.166416E-12
         833.0000     0.165618E-12
         835.0000     0.165182E-12
         837.0000     0.164558E-12
         839.0000     0.163747E-12
         841.0000     0.163348E-12
         843.0000     0.162709E-12
         845.0000     0.162154E-12
         847.0000     0.161469E-12
         849.0000     0.160736E-12
         851.0000     0.158316E-12
         853.0000     0.159627E-12
         855.0000     0.153380E-12
         857.0000     0.158558E-12
         859.0000     0.157924E-12
         861.0000     0.157269E-12
         863.0000     0.156772E-12
         865.0000     0.156176E-12
         867.0000     0.151023E-12
         869.0000     0.154665E-12
         871.0000     0.154435E-12
         873.0000     0.153854E-12
         875.0000     0.153002E-12
         877.0000     0.152728E-12
         879.0000     0.152133E-12
         881.0000     0.151122E-12
         883.0000     0.150856E-12
         885.0000     0.150419E-12
         887.0000     0.149498E-12
         889.0000     0.149311E-12
         891.0000     0.148762E-12
         893.0000     0.148192E-12
         895.0000     0.147627E-12
         897.0000     0.147088E-12
         899.0000     0.146529E-12
         901.0000     0.145407E-12
         903.0000     0.145398E-12
         905.0000     0.144873E-12
         907.0000     0.144328E-12
         909.0000     0.143740E-12
         911.0000     0.143248E-12
         913.0000     0.142713E-12
         915.0000     0.142181E-12
         917.0000     0.141630E-12
         919.0000     0.141105E-12
         921.0000     0.140561E-12
         923.0000     0.139390E-12
         925.0000     0.139482E-12
         927.0000     0.138992E-12
         929.0000     0.138461E-12
         931.0000     0.137955E-12
         933.0000     0.137430E-12
         935.0000     0.136908E-12
         937.0000     0.136390E-12
         939.0000     0.135897E-12
         941.0000     0.135298E-12
         943.0000     0.134875E-12
         945.0000     0.134369E-12
         947.0000     0.133866E-12
         949.0000     0.133345E-12
         951.0000     0.132849E-12
         953.0000     0.132355E-12
         955.0000     0.131003E-12
         957.0000     0.131355E-12
         959.0000     0.130870E-12
         961.0000     0.130368E-12
         963.0000     0.129889E-12
         965.0000     0.129371E-12
         967.0000     0.128898E-12
         969.0000     0.128428E-12
         971.0000     0.127940E-12
         973.0000     0.127475E-12
         975.0000     0.126973E-12
         977.0000     0.126514E-12
         979.0000     0.126038E-12
         981.0000     0.125564E-12
         983.0000     0.125113E-12
         985.0000     0.124645E-12
         987.0000     0.124160E-12
         989.0000     0.123697E-12
         991.0000     0.123238E-12
         993.0000     0.122781E-12
         995.0000     0.122326E-12
         997.0000     0.121874E-12
         999.0000     0.121406E-12
        1002.5000     0.120598E-12
        1007.5000     0.119102E-12
        1012.5000     0.118396E-12
        1017.5000     0.117309E-12
        1022.5000     0.116219E-12
        1027.5000     0.115145E-12
        1032.5000     0.114069E-12
        1037.5000     0.113025E-12
        1042.5000     0.112014E-12
        1047.5000     0.110982E-12
        1052.5000     0.109965E-12
        1057.5000     0.108945E-12
        1062.5000     0.107956E-12
        1067.5000     0.106964E-12
        1072.5000     0.106019E-12
        1077.5000     0.105020E-12
        1082.5000     0.104020E-12
        1087.5000     0.103130E-12
        1092.5000     0.101707E-12
        1097.5000     0.101323E-12
        1102.5000     0.100438E-12
        1107.5000     0.995640E-13
        1112.5000     0.986711E-13
        1117.5000     0.977901E-13
        1122.5000     0.969360E-13
        1127.5000     0.960782E-13
        1132.5000     0.952466E-13
        1137.5000     0.944111E-13
        1142.5000     0.935719E-13
        1147.5000     0.927728E-13
        1152.5000     0.919696E-13
        1157.5000     0.911624E-13
        1162.5000     0.903516E-13
        1167.5000     0.895934E-13
        1172.5000     0.888309E-13
        1177.5000     0.880643E-13
        1182.5000     0.872253E-13
        1187.5000     0.865195E-13
        1192.5000     0.858359E-13
        1197.5000     0.848935E-13
        1202.5000     0.843082E-13
        1207.5000     0.836246E-13
        1212.5000     0.829754E-13
        1217.5000     0.822953E-13
        1222.5000     0.816107E-13
        1227.5000     0.809218E-13
        1232.5000     0.802665E-13
        1237.5000     0.796067E-13
        1242.5000     0.789425E-13
        1247.5000     0.783110E-13
        1252.5000     0.776626E-13
        1257.5000     0.770341E-13
        1262.5000     0.764131E-13
        1267.5000     0.757995E-13
        1272.5000     0.751932E-13
        1277.5000     0.745940E-13
        1282.5000     0.731170E-13
        1287.5000     0.734166E-13
        1292.5000     0.728383E-13
        1297.5000     0.722780E-13
        1302.5000     0.717128E-13
        1307.5000     0.711542E-13
        1312.5000     0.706020E-13
        1317.5000     0.700561E-13
        1322.5000     0.695274E-13
        1327.5000     0.689938E-13
        1332.5000     0.684662E-13
        1337.5000     0.679552E-13
        1342.5000     0.674393E-13
        1347.5000     0.669398E-13
        1352.5000     0.664353E-13
        1357.5000     0.659364E-13
        1362.5000     0.654534E-13
        1367.5000     0.649756E-13
        1372.5000     0.644929E-13
        1377.5000     0.640256E-13
        1382.5000     0.635633E-13
        1387.5000     0.630961E-13
        1392.5000     0.626438E-13
        1397.5000     0.621865E-13
        1402.5000     0.617439E-13
        1407.5000     0.613060E-13
        1412.5000     0.608727E-13
        1417.5000     0.604441E-13
        1422.5000     0.600104E-13
        1427.5000     0.596002E-13
        1432.5000     0.591848E-13
        1437.5000     0.587738E-13
        1442.5000     0.583579E-13
        1447.5000     0.579646E-13
        1452.5000     0.575571E-13
        1457.0000     0.572021E-13
        1462.0000     0.568384E-13
        1467.5000     0.564132E-13
        1472.5000     0.560307E-13
        1477.5000     0.556521E-13
        1482.5000     0.552686E-13
        1487.5000     0.547852E-13
        1492.5000     0.545305E-13
        1497.5000     0.541584E-13
        1502.5000     0.535695E-13
        1507.5000     0.534002E-13
        1512.5000     0.530728E-13
        1517.5000     0.527236E-13
        1522.5000     0.523614E-13
        1527.5000     0.520027E-13
        1532.5000     0.516558E-13
        1537.5000     0.513123E-13
        1542.5000     0.509560E-13
        1547.5000     0.506193E-13
        1552.5000     0.502699E-13
        1557.5000     0.499003E-13
        1562.5000     0.495815E-13
        1567.5000     0.492189E-13
        1572.5000     0.488289E-13
        1577.5000     0.484814E-13
        1582.5000     0.481832E-13
        1587.5000     0.476826E-13
        1592.5000     0.474818E-13
        1597.5000     0.471325E-13
        1605.0000     0.465815E-13
        1615.0000     0.457862E-13
        1625.0000     0.451374E-13
        1635.0000     0.443290E-13
        1645.0000     0.433883E-13
        1655.0000     0.426768E-13
        1665.0000     0.418341E-13
        1675.0000     0.409812E-13
        1685.0000     0.400443E-13
        1695.0000     0.394399E-13
        1705.0000     0.386756E-13
        1715.0000     0.379133E-13
        1725.0000     0.372047E-13
        1735.0000     0.362427E-13
        1745.0000     0.357971E-13
        1755.0000     0.351229E-13
        1765.0000     0.344617E-13
        1775.0000     0.338192E-13
        1785.0000     0.331889E-13
        1795.0000     0.325706E-13
        1805.0000     0.319638E-13
        1815.0000     0.311184E-13
        1825.0000     0.307898E-13
        1835.0000     0.302390E-13
        1845.0000     0.296815E-13
        1855.0000     0.291453E-13
        1865.0000     0.286188E-13
        1875.0000     0.274211E-13
        1885.0000     0.275998E-13
        1895.0000     0.271066E-13
        1905.0000     0.266275E-13
        1915.0000     0.261569E-13
        1925.0000     0.256947E-13
        1935.0000     0.252405E-13
        1945.0000     0.245362E-13
        1955.0000     0.243660E-13
        1965.0000     0.239450E-13
        1975.0000     0.235215E-13
        1985.0000     0.231199E-13
        1995.0000     0.227251E-13
        2005.0000     0.223370E-13
        2015.0000     0.219602E-13
        2025.0000     0.215851E-13
        2035.0000     0.212208E-13
        2045.0000     0.208627E-13
        2055.0000     0.205150E-13
        2065.0000     0.201686E-13
        2075.0000     0.198368E-13
        2085.0000     0.195060E-13
        2095.0000     0.191850E-13
        2105.0000     0.188692E-13
        2115.0000     0.185627E-13
        2125.0000     0.182570E-13
        2135.0000     0.179603E-13
        2145.0000     0.176684E-13
        2155.0000     0.173852E-13
        2165.0000     0.169063E-13
        2175.0000     0.168281E-13
        2185.0000     0.165621E-13
        2195.0000     0.163002E-13
        2205.0000     0.160385E-13
        2215.0000     0.157886E-13
        2225.0000     0.155387E-13
        2235.0000     0.152965E-13
        2245.0000     0.150579E-13
        2255.0000     0.148230E-13
        2265.0000     0.145916E-13
        2275.0000     0.143674E-13
        2285.0000     0.141466E-13
        2295.0000     0.139326E-13
        2305.0000     0.137183E-13
        2315.0000     0.135107E-13
        2325.0000     0.133062E-13
        2335.0000     0.131046E-13
        2345.0000     0.129060E-13
        2355.0000     0.127138E-13
        2365.0000     0.125243E-13
        2375.0000     0.123376E-13
        2385.0000     0.121536E-13
        2395.0000     0.119722E-13
        2405.0000     0.117967E-13
        2415.0000     0.116237E-13
        2425.0000     0.114531E-13
        2435.0000     0.112849E-13
        2445.0000     0.111223E-13
        2455.0000     0.109620E-13
        2465.0000     0.108039E-13
        2475.0000     0.106480E-13
        2485.0000     0.104911E-13
        2495.0000     0.103457E-13
        2505.0000     0.101961E-13
        2515.0000     0.100516E-13
        2525.0000     0.990907E-14
        2535.0000     0.977145E-14
        2545.0000     0.963272E-14
        2555.0000     0.949879E-14
        2565.0000     0.936375E-14
        2575.0000     0.923629E-14
        2585.0000     0.910478E-14
        2595.0000     0.898071E-14
        2605.0000     0.885828E-14
        2615.0000     0.873185E-14
        2625.0000     0.851259E-14
        2635.0000     0.849775E-14
        2645.0000     0.838161E-14
        2655.0000     0.826969E-14
        2665.0000     0.815651E-14
        2675.0000     0.804212E-14
        2685.0000     0.793982E-14
        2695.0000     0.783355E-14
        2705.0000     0.772863E-14
        2715.0000     0.762763E-14
        2725.0000     0.752533E-14
        2735.0000     0.742688E-14
        2745.0000     0.732712E-14
        2755.0000     0.722104E-14
        2765.0000     0.713634E-14
        2775.0000     0.704273E-14
        2785.0000     0.695274E-14
        2795.0000     0.686140E-14
        2805.0000     0.677362E-14
        2815.0000     0.668450E-14
        2825.0000     0.659887E-14
        2835.0000     0.651427E-14
        2845.0000     0.643070E-14
        2855.0000     0.635049E-14
        2865.0000     0.626891E-14
        2875.0000     0.617672E-14
        2885.0000     0.611097E-14
        2895.0000     0.603455E-14
        2905.0000     0.595903E-14
        2915.0000     0.588441E-14
        2925.0000     0.581067E-14
        2935.0000     0.573780E-14
        2945.0000     0.566799E-14
        2955.0000     0.559679E-14
        2965.0000     0.552643E-14
        2975.0000     0.545905E-14
        2985.0000     0.539244E-14
        2995.0000     0.532660E-14
        3005.0000     0.526152E-14
        3015.0000     0.519929E-14
        3025.0000     0.513567E-14
        3035.0000     0.506031E-14
        3045.0000     0.500853E-14
        3055.0000     0.495118E-14
        3065.0000     0.489242E-14
        3075.0000     0.483432E-14
        3085.0000     0.477687E-14
        3095.0000     0.472007E-14
        3105.0000     0.466389E-14
        3115.0000     0.460834E-14
        3125.0000     0.455536E-14
        3135.0000     0.449907E-14
        3145.0000     0.444920E-14
        3155.0000     0.439603E-14
        3165.0000     0.434536E-14
        3175.0000     0.429333E-14
        3185.0000     0.424376E-14
        3195.0000     0.419473E-14
        3210.0000     0.412402E-14
        3230.0000     0.402905E-14
        3250.0000     0.393792E-14
        3270.0000     0.384870E-14
        3290.0000     0.375251E-14
        3310.0000     0.367934E-14
        3330.0000     0.359728E-14
        3350.0000     0.351862E-14
        3370.0000     0.344157E-14
        3390.0000     0.336442E-14
        3410.0000     0.329213E-14
        3430.0000     0.322130E-14
        3450.0000     0.315188E-14
        3470.0000     0.308543E-14
        3490.0000     0.302030E-14
        3510.0000     0.295489E-14
        3530.0000     0.289230E-14
        3550.0000     0.283245E-14
        3570.0000     0.277376E-14
        3590.0000     0.271619E-14
        3610.0000     0.265973E-14
        3630.0000     0.260580E-14
        3650.0000     0.255144E-14
        3670.0000     0.249954E-14
        3690.0000     0.245002E-14
        3710.0000     0.240002E-14
        3730.0000     0.235095E-14
        3750.0000     0.230007E-14
        3770.0000     0.225956E-14
        3790.0000     0.221578E-14
        3810.0000     0.217147E-14
        3830.0000     0.212927E-14
        3850.0000     0.208782E-14
        3870.0000     0.204712E-14
        3890.0000     0.200714E-14
        3910.0000     0.196912E-14
        3930.0000     0.193177E-14
        3950.0000     0.189508E-14
        3970.0000     0.185902E-14
        3990.0000     0.182359E-14
        4010.0000     0.178996E-14
        4030.0000     0.175573E-14
        4050.0000     0.171392E-14
        4070.0000     0.169133E-14
        4090.0000     0.165995E-14
        4110.0000     0.163023E-14
        4130.0000     0.159988E-14
        4150.0000     0.157116E-14
        4170.0000     0.154291E-14
        4190.0000     0.151512E-14
        4210.0000     0.148780E-14
        4230.0000     0.146092E-14
        4250.0000     0.143554E-14
        4270.0000     0.140952E-14
        4290.0000     0.138496E-14
        4310.0000     0.136080E-14
        4330.0000     0.133702E-14
        4350.0000     0.131362E-14
        4370.0000     0.128959E-14
        4390.0000     0.126793E-14
        4410.0000     0.124661E-14
        4430.0000     0.122464E-14
        4450.0000     0.120399E-14
        4470.0000     0.118366E-14
        4490.0000     0.116364E-14
        4510.0000     0.114392E-14
        4530.0000     0.112451E-14
        4550.0000     0.110540E-14
        4570.0000     0.108749E-14
        4590.0000     0.106985E-14
        4610.0000     0.105158E-14
        4630.0000     0.103448E-14
        4650.0000     0.101497E-14
        4670.0000     0.100102E-14
        4690.0000     0.984669E-15
        4710.0000     0.969419E-15
        4730.0000     0.953534E-15
        4750.0000     0.937883E-15
        4770.0000     0.923301E-15
        4790.0000     0.908930E-15
        4810.0000     0.893937E-15
        4830.0000     0.879982E-15
        4850.0000     0.866227E-15
        4870.0000     0.852667E-15
        4890.0000     0.839300E-15
        4910.0000     0.826121E-15
        4930.0000     0.813129E-15
        4950.0000     0.801100E-15
        4970.0000     0.788464E-15
        4990.0000     0.776772E-15
        5010.0000     0.764479E-15
        5030.0000     0.752962E-15
        5050.0000     0.741453E-15
        5070.0000     0.730326E-15
        5090.0000     0.719350E-15
        5110.0000     0.708523E-15
        5130.0000     0.697333E-15
        5150.0000     0.687595E-15
        5170.0000     0.677414E-15
        5190.0000     0.667439E-15
        5210.0000     0.657598E-15
        5230.0000     0.647958E-15
        5250.0000     0.638514E-15
        5270.0000     0.629264E-15
        5290.0000     0.620066E-15
        5310.0000     0.611194E-15
        5330.0000     0.602368E-15
        5350.0000     0.593725E-15
        5370.0000     0.585193E-15
        5390.0000     0.576904E-15
        5410.0000     0.568720E-15
        5430.0000     0.560642E-15
        5450.0000     0.552795E-15
        5470.0000     0.544984E-15
        5490.0000     0.537399E-15
        5510.0000     0.529909E-15
        5530.0000     0.522513E-15
        5550.0000     0.515273E-15
        5570.0000     0.508184E-15
        5590.0000     0.501122E-15
        5610.0000     0.494270E-15
        5630.0000     0.487502E-15
        5650.0000     0.480877E-15
        5670.0000     0.474334E-15
        5690.0000     0.467929E-15
        5710.0000     0.461603E-15
        5730.0000     0.455412E-15
        5750.0000     0.449295E-15
        5770.0000     0.443310E-15
        5790.0000     0.437396E-15
        5810.0000     0.431553E-15
        5830.0000     0.425893E-15
        5850.0000     0.420244E-15
        5870.0000     0.414718E-15
        5890.0000     0.409312E-15
        5910.0000     0.403530E-15
        5930.0000     0.398689E-15
        5950.0000     0.393525E-15
        5970.0000     0.388421E-15
        5990.0000     0.383430E-15
        6010.0000     0.378497E-15
        6030.0000     0.373673E-15
        6050.0000     0.368904E-15
        6070.0000     0.364190E-15
        6090.0000     0.359582E-15
        6110.0000     0.355026E-15
        6130.0000     0.350522E-15
        6150.0000     0.346119E-15
        6170.0000     0.341766E-15
        6190.0000     0.337512E-15
        6210.0000     0.333305E-15
        6230.0000     0.329195E-15
        6250.0000     0.325082E-15
        6270.0000     0.321063E-15
        6290.0000     0.317136E-15
        6310.0000     0.313253E-15
        6330.0000     0.309413E-15
        6350.0000     0.305615E-15
        6370.0000     0.301905E-15
        6390.0000     0.298236E-15
        6420.0000     0.292854E-15
        6460.0000     0.285888E-15
        6500.0000     0.279072E-15
        6540.0000     0.272490E-15
        6580.0000     0.266091E-15
        6620.0000     0.259870E-15
        6660.0000     0.253865E-15
        6700.0000     0.247984E-15
        6740.0000     0.242309E-15
        6780.0000     0.236793E-15
        6820.0000     0.231429E-15
        6860.0000     0.226215E-15
        6900.0000     0.221146E-15
        6940.0000     0.216179E-15
        6980.0000     0.211390E-15
        7020.0000     0.206733E-15
        7060.0000     0.202208E-15
        7100.0000     0.197808E-15
        7140.0000     0.193494E-15
        7180.0000     0.189339E-15
        7220.0000     0.185263E-15
        7260.0000     0.181301E-15
        7300.0000     0.177451E-15
        7340.0000     0.173710E-15
        7380.0000     0.170038E-15
        7420.0000     0.166471E-15
        7460.0000     0.162763E-15
        7500.0000     0.159500E-15
        7540.0000     0.156364E-15
        7580.0000     0.153151E-15
        7620.0000     0.150030E-15
        7660.0000     0.146999E-15
        7700.0000     0.144022E-15
        7740.0000     0.141131E-15
        7780.0000     0.138323E-15
        7820.0000     0.135565E-15
        7860.0000     0.132887E-15
        7900.0000     0.130286E-15
        7940.0000     0.127732E-15
        7980.0000     0.125221E-15
        8020.0000     0.122814E-15
        8060.0000     0.120419E-15
        8100.0000     0.118124E-15
        8140.0000     0.115867E-15
        8180.0000     0.113649E-15
        8220.0000     0.111497E-15
        8260.0000     0.109410E-15
        8300.0000     0.107357E-15
        8340.0000     0.105338E-15
        8380.0000     0.103381E-15
        8420.0000     0.101455E-15
        8460.0000     0.995885E-16
        8500.0000     0.977787E-16
        8540.0000     0.959721E-16
        8580.0000     0.942469E-16
        8620.0000     0.925238E-16
        8660.0000     0.908794E-16
        8700.0000     0.892361E-16
        8740.0000     0.876440E-16
        8780.0000     0.860771E-16
        8820.0000     0.845596E-16
        8860.0000     0.830904E-16
        8900.0000     0.816199E-16
        8940.0000     0.801963E-16
        8980.0000     0.787947E-16
        9020.0000     0.774384E-16
        9060.0000     0.761029E-16
        9100.0000     0.748109E-16
        9140.0000     0.735157E-16
        9180.0000     0.722629E-16
        9220.0000     0.710515E-16
        9260.0000     0.698583E-16
        9300.0000     0.686830E-16
        9340.0000     0.675252E-16
        9380.0000     0.664064E-16
        9420.0000     0.653041E-16
        9460.0000     0.642180E-16
        9500.0000     0.631692E-16
        9540.0000     0.621356E-16
        9580.0000     0.611170E-16
        9620.0000     0.601131E-16
        9660.0000     0.591443E-16
        9700.0000     0.581894E-16
        9740.0000     0.572684E-16
        9780.0000     0.563404E-16
        9820.0000     0.554455E-16
        9860.0000     0.545631E-16
        9900.0000     0.537128E-16
        9940.0000     0.528550E-16
        9980.0000     0.520284E-16
       10020.0000     0.512323E-16
       20000.0000     0.334698E-17
       40000.0000     0.214004E-18
       60000.0000     0.425773E-19
       80000.0000     0.135099E-19
      100000.0000     0.554016E-20
      120000.0000     0.267172E-20
      140000.0000     0.144213E-20
      160000.0000     0.844554E-21
