#FILENAME  G   BP   RP  V  g  r
# FT5875G000M075K200A020.DAT     4.54855    4.81535    4.12507    4.68423    4.90805    4.58752
           9.0900     0.000000E+00
           9.3500     0.000000E+00
           9.6100     0.000000E+00
           9.7700     0.000000E+00
           9.9600     0.000000E+00
          10.2000     0.000000E+00
          10.3800     0.000000E+00
          10.5600     0.000000E+00
          10.7700     0.000000E+00
          11.0400     0.000000E+00
          11.4000     0.000000E+00
          11.7800     0.000000E+00
          12.1300     0.000000E+00
          12.4800     0.000000E+00
          12.7100     0.000000E+00
          12.8400     0.000000E+00
          13.0500     0.000000E+00
          13.2400     0.000000E+00
          13.3900     0.000000E+00
          13.6600     0.000000E+00
          13.9800     0.000000E+00
          14.3300     0.000000E+00
          14.7200     0.000000E+00
          15.1000     0.000000E+00
          15.5200     0.000000E+00
          15.8800     0.000000E+00
          16.2000     0.000000E+00
          16.6000     0.000000E+00
          17.0300     0.000000E+00
          17.3400     0.000000E+00
          17.6800     0.000000E+00
          18.0200     0.000000E+00
          18.1700     0.000000E+00
          18.6100     0.000000E+00
          19.1000     0.000000E+00
          19.3900     0.000000E+00
          19.8400     0.000000E+00
          20.1800     0.000000E+00
          20.5000     0.000000E+00
          21.0500     0.000000E+00
          21.6200     0.000000E+00
          21.9800     0.000000E+00
          22.3000     0.000000E+00
          22.6800     0.000000E+00
          23.0000     0.000000E+00
          23.4000     0.000000E+00
          24.0000     0.000000E+00
          24.6500     0.000000E+00
          25.2400     0.000000E+00
          25.6800     0.000000E+00
          26.0000     0.000000E+00
          26.4000     0.000000E+00
          26.8500     0.000000E+00
          27.3500     0.000000E+00
          27.8500     0.000000E+00
          28.4000     0.000000E+00
          29.0000     0.000000E+00
          29.6000     0.000000E+00
          30.1000     0.000000E+00
          30.8000     0.000000E+00
          31.8000     0.000000E+00
          32.8000     0.000000E+00
          33.8000     0.000000E+00
          34.8000     0.000000E+00
          35.7000     0.000000E+00
          36.6000     0.000000E+00
          37.5000     0.000000E+00
          38.5000     0.000000E+00
          39.5000     0.000000E+00
          40.5000     0.000000E+00
          41.4000     0.000000E+00
          42.2000     0.000000E+00
          43.0000     0.000000E+00
          44.1000     0.000000E+00
          45.1000     0.000000E+00
          46.0000     0.000000E+00
          47.0000     0.000000E+00
          48.0000     0.000000E+00
          49.0000     0.000000E+00
          50.0000     0.000000E+00
          50.6000     0.000000E+00
          51.2000     0.000000E+00
          52.0000     0.000000E+00
          53.0000     0.000000E+00
          54.0000     0.000000E+00
          55.0000     0.000000E+00
          56.0000     0.000000E+00
          57.0000     0.000000E+00
          58.0000     0.000000E+00
          59.0000     0.000000E+00
          60.0000     0.243367E-37
          61.0000     0.625302E-37
          62.0000     0.155434E-36
          63.0000     0.374609E-36
          64.0000     0.877094E-36
          65.0000     0.199570E-35
          65.8000     0.377861E-35
          66.5000     0.651295E-35
          67.5000     0.138911E-34
          68.5000     0.289238E-34
          69.5000     0.588353E-34
          70.5000     0.117015E-33
          71.6000     0.243778E-33
          72.6000     0.464698E-33
          73.5000     0.817444E-33
          74.5000     0.150434E-32
          75.5000     0.271988E-32
          76.5000     0.483643E-32
          77.5000     0.845558E-32
          78.5000     0.145625E-31
          79.5000     0.246125E-31
          80.5000     0.412541E-31
          81.5000     0.680409E-31
          82.5000     0.110688E-30
          83.5000     0.177790E-30
          84.5000     0.282147E-30
          85.5000     0.441933E-30
          86.5000     0.684900E-30
          87.5000     0.104852E-29
          88.5000     0.159075E-29
          89.5000     0.238641E-29
          90.5000     0.354233E-29
          91.5000     0.178550E-25
          92.5000     0.633398E-25
          93.5000     0.937111E-25
          94.5000     0.139966E-24
          95.5000     0.215434E-24
          96.5000     0.313815E-24
          97.5000     0.449230E-24
          98.5000     0.646614E-24
          99.5000     0.911836E-24
         100.5000     0.132474E-23
         101.5000     0.184620E-23
         102.5000     0.252632E-23
         103.5000     0.355751E-23
         104.5000     0.489441E-23
         105.5000     0.668264E-23
         106.5000     0.900590E-23
         107.5000     0.121716E-22
         108.5000     0.163323E-22
         109.5000     0.216414E-22
         110.5000     0.839863E-22
         111.5000     0.365529E-21
         112.5000     0.556822E-21
         113.5000     0.794268E-21
         114.5000     0.101373E-20
         115.5000     0.106085E-20
         116.5000     0.136301E-20
         117.5000     0.139678E-20
         118.5000     0.221747E-20
         119.5000     0.566852E-21
         120.5000     0.470966E-21
         121.5000     0.312506E-21
         122.5000     0.671765E-21
         123.5000     0.159206E-20
         124.5000     0.361624E-20
         125.5000     0.752014E-20
         126.5000     0.101853E-19
         127.5000     0.184125E-19
         128.5000     0.313830E-19
         129.5000     0.469898E-19
         130.5000     0.449343E-19
         131.5000     0.829254E-19
         132.5000     0.113006E-18
         133.5000     0.147960E-18
         134.5000     0.198169E-18
         135.5000     0.234055E-18
         136.5000     0.289839E-18
         137.5000     0.346210E-18
         138.5000     0.421595E-18
         139.5000     0.520965E-18
         140.5000     0.626982E-18
         141.5000     0.711118E-18
         142.5000     0.829053E-18
         143.5000     0.922997E-18
         144.2000     0.112818E-17
         144.7000     0.118717E-17
         145.5000     0.138130E-17
         146.5000     0.151954E-17
         147.5000     0.175427E-17
         148.5000     0.205030E-17
         149.5000     0.251478E-17
         150.5000     0.291181E-17
         151.2000     0.296031E-17
         151.7000     0.336522E-17
         152.5000     0.406781E-17
         153.5000     0.655726E-17
         154.5000     0.934636E-17
         155.5000     0.102957E-16
         156.5000     0.981270E-17
         157.5000     0.149457E-16
         158.5000     0.179822E-16
         159.5000     0.231471E-16
         160.5000     0.237814E-16
         161.5000     0.246259E-16
         162.5000     0.252375E-16
         163.5000     0.307753E-16
         164.5000     0.378542E-16
         165.5000     0.233380E-16
         166.5000     0.415371E-16
         167.2000     0.257703E-16
         167.7000     0.480946E-16
         168.5000     0.668619E-16
         169.5000     0.759869E-16
         170.5000     0.778650E-16
         171.5000     0.105152E-15
         172.5000     0.124273E-15
         173.5000     0.160888E-15
         174.5000     0.154395E-15
         175.5000     0.210402E-15
         176.5000     0.205811E-15
         177.5000     0.244102E-15
         178.5000     0.253034E-15
         179.5000     0.373551E-15
         180.5000     0.281138E-15
         181.5000     0.349145E-15
         182.5000     0.311866E-15
         183.5000     0.415623E-15
         184.5000     0.408261E-15
         185.5000     0.513785E-15
         186.5000     0.628756E-15
         187.5000     0.658018E-15
         188.5000     0.757768E-15
         189.5000     0.880445E-15
         190.5000     0.824261E-15
         191.5000     0.941002E-15
         192.5000     0.910580E-15
         193.5000     0.716555E-15
         194.5000     0.130907E-14
         195.5000     0.147509E-14
         196.7000     0.177095E-14
         197.6000     0.179311E-14
         198.4000     0.185360E-14
         199.5000     0.207379E-14
         200.5000     0.210127E-14
         201.5000     0.202151E-14
         202.5000     0.185869E-14
         203.5000     0.263954E-14
         204.5000     0.303736E-14
         205.5000     0.257753E-14
         206.5000     0.248796E-14
         207.4000     0.369606E-14
         207.8000     0.482959E-14
         208.5000     0.490734E-14
         209.5000     0.513549E-14
         210.5000     0.531587E-14
         211.5000     0.576661E-14
         212.5000     0.524596E-14
         213.5000     0.447852E-14
         214.5000     0.607259E-14
         215.5000     0.679985E-14
         216.5000     0.563407E-14
         217.5000     0.641225E-14
         218.5000     0.733241E-14
         219.5000     0.902257E-14
         220.5000     0.824770E-14
         221.5000     0.619836E-14
         222.5000     0.663016E-14
         223.5000     0.101286E-13
         224.5000     0.912670E-14
         225.5000     0.644739E-14
         226.5000     0.580454E-14
         227.5000     0.920949E-14
         228.5000     0.988095E-14
         229.5000     0.996228E-14
         230.5000     0.112277E-13
         231.5000     0.101196E-13
         232.5000     0.902312E-14
         233.5000     0.447827E-14
         234.5000     0.334352E-14
         235.5000     0.654336E-14
         236.5000     0.353338E-14
         237.5000     0.505184E-14
         238.5000     0.275728E-14
         239.5000     0.387276E-14
         240.5000     0.379427E-14
         241.5000     0.616316E-14
         242.5000     0.139866E-13
         243.5000     0.147699E-13
         244.5000     0.171832E-13
         245.5000     0.176440E-13
         246.5000     0.165714E-13
         247.5000     0.152248E-13
         248.5000     0.143241E-13
         249.5000     0.153509E-13
         250.5000     0.219456E-13
         251.3000     0.148649E-13
         251.8000     0.153345E-13
         252.5000     0.124832E-13
         253.5000     0.139286E-13
         254.5000     0.156850E-13
         255.5000     0.201153E-13
         256.5000     0.143003E-13
         257.5000     0.169130E-13
         258.5000     0.127501E-13
         259.5000     0.103145E-13
         260.5000     0.821486E-14
         261.5000     0.797572E-14
         262.5000     0.108554E-13
         263.5000     0.199329E-13
         264.5000     0.384317E-13
         265.5000     0.432773E-13
         266.5000     0.327339E-13
         267.5000     0.370125E-13
         268.5000     0.388092E-13
         269.5000     0.345668E-13
         270.5000     0.388394E-13
         271.5000     0.282399E-13
         272.5000     0.282909E-13
         273.5000     0.282892E-13
         274.5000     0.133682E-13
         275.5000     0.180274E-13
         276.5000     0.229245E-13
         277.5000     0.242815E-13
         278.5000     0.158017E-13
         279.5000     0.528762E-14
         280.5000     0.683447E-14
         281.5000     0.207036E-13
         282.5000     0.338582E-13
         283.5000     0.393620E-13
         284.5000     0.425164E-13
         285.5000     0.348889E-13
         286.5000     0.489474E-13
         287.5000     0.519669E-13
         288.5000     0.538161E-13
         289.5000     0.541761E-13
         291.0000     0.691100E-13
         293.0000     0.656045E-13
         295.0000     0.644978E-13
         297.0000     0.755509E-13
         299.0000     0.766428E-13
         301.0000     0.844418E-13
         303.0000     0.854583E-13
         305.0000     0.894671E-13
         307.0000     0.859279E-13
         309.0000     0.967128E-13
         311.0000     0.947997E-13
         313.0000     0.952927E-13
         315.0000     0.101884E-12
         317.0000     0.101421E-12
         319.0000     0.931719E-13
         321.0000     0.104429E-12
         323.0000     0.900158E-13
         325.0000     0.106480E-12
         327.0000     0.117753E-12
         329.0000     0.119157E-12
         331.0000     0.125360E-12
         333.0000     0.120905E-12
         335.0000     0.118971E-12
         337.0000     0.116956E-12
         339.0000     0.124395E-12
         341.0000     0.132838E-12
         343.0000     0.139969E-12
         345.0000     0.139622E-12
         347.0000     0.137270E-12
         349.0000     0.137714E-12
         351.0000     0.147076E-12
         353.0000     0.146890E-12
         355.0000     0.160313E-12
         357.0000     0.147072E-12
         359.0000     0.150223E-12
         361.0000     0.153265E-12
         363.0000     0.159138E-12
         364.0000     0.160144E-12
         365.0000     0.166311E-12
         367.0000     0.171044E-12
         369.0000     0.193245E-12
         371.0000     0.249463E-12
         373.0000     0.325940E-12
         375.0000     0.399958E-12
         377.0000     0.413781E-12
         379.0000     0.463153E-12
         381.0000     0.510677E-12
         383.0000     0.434992E-12
         385.0000     0.503739E-12
         387.0000     0.537033E-12
         389.0000     0.441798E-12
         391.0000     0.441925E-12
         393.0000     0.160444E-12
         395.0000     0.313841E-12
         397.0000     0.180920E-12
         399.0000     0.479594E-12
         401.0000     0.551875E-12
         403.0000     0.556080E-12
         405.0000     0.550835E-12
         407.0000     0.542660E-12
         409.0000     0.578235E-12
         411.0000     0.523079E-12
         413.0000     0.567987E-12
         415.0000     0.593993E-12
         417.0000     0.572670E-12
         419.0000     0.578670E-12
         421.0000     0.573941E-12
         423.0000     0.563925E-12
         425.0000     0.581742E-12
         427.0000     0.578826E-12
         429.0000     0.566574E-12
         431.0000     0.531947E-12
         433.0000     0.562079E-12
         435.0000     0.520793E-12
         437.0000     0.597764E-12
         439.0000     0.577524E-12
         441.0000     0.564420E-12
         443.0000     0.571338E-12
         445.0000     0.570952E-12
         447.0000     0.579177E-12
         449.0000     0.586092E-12
         451.0000     0.611034E-12
         453.0000     0.572615E-12
         455.0000     0.571939E-12
         457.0000     0.600413E-12
         459.0000     0.576376E-12
         461.0000     0.602383E-12
         463.0000     0.589865E-12
         465.0000     0.596847E-12
         467.0000     0.600263E-12
         469.0000     0.592369E-12
         471.0000     0.573796E-12
         473.0000     0.595060E-12
         475.0000     0.601433E-12
         477.0000     0.592360E-12
         479.0000     0.590846E-12
         481.0000     0.590330E-12
         483.0000     0.586518E-12
         485.0000     0.553196E-12
         487.0000     0.480513E-12
         489.0000     0.572053E-12
         491.0000     0.572725E-12
         493.0000     0.556583E-12
         495.0000     0.573432E-12
         497.0000     0.578749E-12
         499.0000     0.546971E-12
         501.0000     0.527048E-12
         503.0000     0.552233E-12
         505.0000     0.551697E-12
         507.0000     0.559646E-12
         509.0000     0.550304E-12
         511.0000     0.548792E-12
         513.0000     0.531787E-12
         515.0000     0.527664E-12
         517.0000     0.519219E-12
         519.0000     0.514230E-12
         521.0000     0.517274E-12
         523.0000     0.520676E-12
         525.0000     0.528320E-12
         527.0000     0.494392E-12
         529.0000     0.524056E-12
         531.0000     0.518961E-12
         533.0000     0.502468E-12
         535.0000     0.522136E-12
         537.0000     0.519781E-12
         539.0000     0.512305E-12
         541.0000     0.504468E-12
         543.0000     0.505305E-12
         545.0000     0.514175E-12
         547.0000     0.508694E-12
         549.0000     0.505693E-12
         551.0000     0.502912E-12
         553.0000     0.503539E-12
         555.0000     0.508248E-12
         557.0000     0.500654E-12
         559.0000     0.495178E-12
         561.0000     0.496521E-12
         563.0000     0.498860E-12
         565.0000     0.492575E-12
         567.0000     0.484401E-12
         569.0000     0.490229E-12
         571.0000     0.484157E-12
         573.0000     0.492390E-12
         575.0000     0.485843E-12
         577.0000     0.485875E-12
         579.0000     0.480125E-12
         581.0000     0.479718E-12
         583.0000     0.479475E-12
         585.0000     0.473460E-12
         587.0000     0.473407E-12
         589.0000     0.461862E-12
         591.0000     0.468117E-12
         593.0000     0.465619E-12
         595.0000     0.464008E-12
         597.0000     0.463000E-12
         599.0000     0.458099E-12
         601.0000     0.454418E-12
         603.0000     0.452620E-12
         605.0000     0.453086E-12
         607.0000     0.452184E-12
         609.0000     0.446482E-12
         611.0000     0.441256E-12
         613.0000     0.434100E-12
         615.0000     0.430066E-12
         617.0000     0.428691E-12
         619.0000     0.435372E-12
         621.0000     0.434558E-12
         623.0000     0.426148E-12
         625.0000     0.412934E-12
         627.0000     0.426963E-12
         629.0000     0.425075E-12
         631.0000     0.415940E-12
         633.0000     0.417904E-12
         635.0000     0.416843E-12
         637.0000     0.413993E-12
         639.0000     0.413188E-12
         641.0000     0.406652E-12
         643.0000     0.407091E-12
         645.0000     0.402637E-12
         647.0000     0.404040E-12
         649.0000     0.394779E-12
         651.0000     0.398909E-12
         653.0000     0.399388E-12
         655.0000     0.382580E-12
         657.0000     0.321426E-12
         659.0000     0.389238E-12
         661.0000     0.389122E-12
         663.0000     0.391396E-12
         665.0000     0.388569E-12
         667.0000     0.385295E-12
         669.0000     0.385519E-12
         671.0000     0.382076E-12
         673.0000     0.381669E-12
         675.0000     0.377435E-12
         677.0000     0.377548E-12
         679.0000     0.374247E-12
         681.0000     0.373456E-12
         683.0000     0.370574E-12
         685.0000     0.368128E-12
         687.0000     0.367773E-12
         689.0000     0.366448E-12
         691.0000     0.364330E-12
         693.0000     0.362309E-12
         695.0000     0.360227E-12
         697.0000     0.358754E-12
         699.0000     0.356939E-12
         701.0000     0.351203E-12
         703.0000     0.352308E-12
         705.0000     0.351506E-12
         707.0000     0.349175E-12
         709.0000     0.347742E-12
         711.0000     0.342227E-12
         713.0000     0.342344E-12
         715.0000     0.340694E-12
         717.0000     0.339243E-12
         719.0000     0.334839E-12
         721.0000     0.333831E-12
         723.0000     0.332426E-12
         725.0000     0.332635E-12
         727.0000     0.331351E-12
         729.0000     0.327013E-12
         731.0000     0.325083E-12
         733.0000     0.324309E-12
         735.0000     0.323327E-12
         737.0000     0.323619E-12
         739.0000     0.319766E-12
         741.0000     0.315635E-12
         743.0000     0.314979E-12
         745.0000     0.314394E-12
         747.0000     0.312850E-12
         749.0000     0.311148E-12
         751.0000     0.310036E-12
         753.0000     0.309438E-12
         755.0000     0.309346E-12
         757.0000     0.306277E-12
         759.0000     0.305496E-12
         761.0000     0.304091E-12
         763.0000     0.302926E-12
         765.0000     0.300199E-12
         767.0000     0.296943E-12
         769.0000     0.297570E-12
         771.0000     0.294095E-12
         773.0000     0.293825E-12
         775.0000     0.292247E-12
         777.0000     0.287699E-12
         779.0000     0.290957E-12
         781.0000     0.289375E-12
         783.0000     0.286712E-12
         785.0000     0.284445E-12
         787.0000     0.284361E-12
         789.0000     0.282214E-12
         791.0000     0.280911E-12
         793.0000     0.278186E-12
         795.0000     0.276910E-12
         797.0000     0.278144E-12
         799.0000     0.275974E-12
         801.0000     0.274448E-12
         803.0000     0.272934E-12
         805.0000     0.271521E-12
         807.0000     0.270706E-12
         809.0000     0.268579E-12
         811.0000     0.268391E-12
         813.0000     0.267333E-12
         815.0000     0.265792E-12
         817.0000     0.264435E-12
         819.0000     0.259576E-12
         821.0000     0.259961E-12
         823.0000     0.258247E-12
         825.0000     0.256799E-12
         827.0000     0.257967E-12
         829.0000     0.256333E-12
         831.0000     0.253382E-12
         833.0000     0.249379E-12
         835.0000     0.252663E-12
         837.0000     0.248559E-12
         839.0000     0.248409E-12
         841.0000     0.248854E-12
         843.0000     0.250908E-12
         845.0000     0.247093E-12
         847.0000     0.244433E-12
         849.0000     0.245063E-12
         851.0000     0.228231E-12
         853.0000     0.242665E-12
         855.0000     0.192281E-12
         857.0000     0.253051E-12
         859.0000     0.248733E-12
         861.0000     0.243420E-12
         863.0000     0.254018E-12
         865.0000     0.246446E-12
         867.0000     0.196193E-12
         869.0000     0.245476E-12
         871.0000     0.250585E-12
         873.0000     0.248483E-12
         875.0000     0.230315E-12
         877.0000     0.246446E-12
         879.0000     0.246218E-12
         881.0000     0.243572E-12
         883.0000     0.241266E-12
         885.0000     0.238636E-12
         887.0000     0.223736E-12
         889.0000     0.239547E-12
         891.0000     0.238304E-12
         893.0000     0.236181E-12
         895.0000     0.236489E-12
         897.0000     0.235626E-12
         899.0000     0.233631E-12
         901.0000     0.217050E-12
         903.0000     0.227785E-12
         905.0000     0.231713E-12
         907.0000     0.225943E-12
         909.0000     0.221659E-12
         911.0000     0.225279E-12
         913.0000     0.226728E-12
         915.0000     0.226150E-12
         917.0000     0.224686E-12
         919.0000     0.223641E-12
         921.0000     0.219420E-12
         923.0000     0.202285E-12
         925.0000     0.214460E-12
         927.0000     0.216433E-12
         929.0000     0.218298E-12
         931.0000     0.217427E-12
         933.0000     0.215990E-12
         935.0000     0.215045E-12
         937.0000     0.214150E-12
         939.0000     0.212956E-12
         941.0000     0.205996E-12
         943.0000     0.209172E-12
         945.0000     0.208695E-12
         947.0000     0.209096E-12
         949.0000     0.208364E-12
         951.0000     0.206896E-12
         953.0000     0.204700E-12
         955.0000     0.189397E-12
         957.0000     0.202804E-12
         959.0000     0.203167E-12
         961.0000     0.200622E-12
         963.0000     0.198695E-12
         965.0000     0.199024E-12
         967.0000     0.196542E-12
         969.0000     0.196629E-12
         971.0000     0.197343E-12
         973.0000     0.196351E-12
         975.0000     0.193653E-12
         977.0000     0.194425E-12
         979.0000     0.193272E-12
         981.0000     0.192684E-12
         983.0000     0.191782E-12
         985.0000     0.189898E-12
         987.0000     0.189346E-12
         989.0000     0.187602E-12
         991.0000     0.187333E-12
         993.0000     0.186598E-12
         995.0000     0.186062E-12
         997.0000     0.185547E-12
         999.0000     0.184671E-12
        1002.5000     0.180983E-12
        1007.5000     0.175927E-12
        1012.5000     0.177724E-12
        1017.5000     0.175945E-12
        1022.5000     0.174375E-12
        1027.5000     0.172863E-12
        1032.5000     0.169487E-12
        1037.5000     0.168408E-12
        1042.5000     0.166797E-12
        1047.5000     0.163044E-12
        1052.5000     0.162398E-12
        1057.5000     0.160540E-12
        1062.5000     0.158371E-12
        1067.5000     0.154438E-12
        1072.5000     0.154300E-12
        1077.5000     0.152722E-12
        1082.5000     0.150530E-12
        1087.5000     0.149263E-12
        1092.5000     0.142605E-12
        1097.5000     0.145458E-12
        1102.5000     0.145418E-12
        1107.5000     0.144155E-12
        1112.5000     0.142026E-12
        1117.5000     0.140421E-12
        1122.5000     0.139340E-12
        1127.5000     0.136269E-12
        1132.5000     0.134785E-12
        1137.5000     0.134194E-12
        1142.5000     0.131907E-12
        1147.5000     0.131909E-12
        1152.5000     0.130551E-12
        1157.5000     0.128868E-12
        1162.5000     0.126047E-12
        1167.5000     0.124366E-12
        1172.5000     0.124993E-12
        1177.5000     0.121627E-12
        1182.5000     0.121066E-12
        1187.5000     0.119085E-12
        1192.5000     0.119906E-12
        1197.5000     0.116864E-12
        1202.5000     0.116728E-12
        1207.5000     0.115317E-12
        1212.5000     0.114277E-12
        1217.5000     0.113586E-12
        1222.5000     0.112312E-12
        1227.5000     0.110853E-12
        1232.5000     0.109917E-12
        1237.5000     0.108768E-12
        1242.5000     0.107808E-12
        1247.5000     0.106687E-12
        1252.5000     0.105373E-12
        1257.5000     0.103895E-12
        1262.5000     0.103038E-12
        1267.5000     0.102322E-12
        1272.5000     0.101424E-12
        1277.5000     0.100304E-12
        1282.5000     0.945747E-13
        1287.5000     0.982431E-13
        1292.5000     0.971521E-13
        1297.5000     0.962569E-13
        1302.5000     0.953387E-13
        1307.5000     0.944541E-13
        1312.5000     0.932689E-13
        1317.5000     0.921321E-13
        1322.5000     0.916228E-13
        1327.5000     0.904993E-13
        1332.5000     0.897027E-13
        1337.5000     0.888621E-13
        1342.5000     0.880207E-13
        1347.5000     0.871789E-13
        1352.5000     0.861586E-13
        1357.5000     0.851406E-13
        1362.5000     0.845478E-13
        1367.5000     0.836644E-13
        1372.5000     0.820902E-13
        1377.5000     0.818082E-13
        1382.5000     0.810672E-13
        1387.5000     0.805636E-13
        1392.5000     0.795812E-13
        1397.5000     0.788951E-13
        1402.5000     0.780415E-13
        1407.5000     0.774687E-13
        1412.5000     0.765468E-13
        1417.5000     0.759315E-13
        1422.5000     0.749539E-13
        1427.5000     0.741478E-13
        1432.5000     0.737431E-13
        1437.5000     0.731383E-13
        1442.5000     0.710308E-13
        1447.5000     0.716560E-13
        1452.5000     0.702739E-13
        1457.0000     0.702014E-13
        1462.0000     0.693636E-13
        1467.5000     0.689603E-13
        1472.5000     0.679982E-13
        1477.5000     0.672668E-13
        1482.5000     0.667354E-13
        1487.5000     0.656817E-13
        1492.5000     0.657151E-13
        1497.5000     0.650550E-13
        1502.5000     0.636557E-13
        1507.5000     0.632763E-13
        1512.5000     0.630512E-13
        1517.5000     0.625366E-13
        1522.5000     0.626883E-13
        1527.5000     0.610556E-13
        1532.5000     0.606253E-13
        1537.5000     0.612766E-13
        1542.5000     0.590288E-13
        1547.5000     0.603273E-13
        1552.5000     0.601062E-13
        1557.5000     0.574947E-13
        1562.5000     0.594570E-13
        1567.5000     0.583612E-13
        1572.5000     0.561165E-13
        1577.5000     0.575621E-13
        1582.5000     0.574742E-13
        1587.5000     0.536932E-13
        1592.5000     0.564904E-13
        1597.5000     0.562048E-13
        1605.0000     0.552124E-13
        1615.0000     0.528788E-13
        1625.0000     0.534556E-13
        1635.0000     0.520730E-13
        1645.0000     0.497363E-13
        1655.0000     0.502417E-13
        1665.0000     0.492118E-13
        1675.0000     0.480048E-13
        1685.0000     0.458112E-13
        1695.0000     0.463387E-13
        1705.0000     0.452038E-13
        1715.0000     0.444048E-13
        1725.0000     0.433186E-13
        1735.0000     0.411222E-13
        1745.0000     0.415075E-13
        1755.0000     0.408493E-13
        1765.0000     0.399697E-13
        1775.0000     0.393018E-13
        1785.0000     0.385261E-13
        1795.0000     0.379257E-13
        1805.0000     0.370717E-13
        1815.0000     0.353737E-13
        1825.0000     0.355736E-13
        1835.0000     0.350334E-13
        1845.0000     0.343340E-13
        1855.0000     0.336698E-13
        1865.0000     0.330785E-13
        1875.0000     0.311687E-13
        1885.0000     0.317605E-13
        1895.0000     0.309676E-13
        1905.0000     0.307383E-13
        1915.0000     0.301570E-13
        1925.0000     0.296016E-13
        1935.0000     0.290253E-13
        1945.0000     0.276444E-13
        1955.0000     0.280036E-13
        1965.0000     0.275209E-13
        1975.0000     0.269287E-13
        1985.0000     0.265366E-13
        1995.0000     0.260643E-13
        2005.0000     0.256430E-13
        2015.0000     0.252099E-13
        2025.0000     0.247327E-13
        2035.0000     0.242544E-13
        2045.0000     0.239170E-13
        2055.0000     0.234943E-13
        2065.0000     0.230428E-13
        2075.0000     0.226745E-13
        2085.0000     0.222989E-13
        2095.0000     0.218902E-13
        2105.0000     0.215401E-13
        2115.0000     0.211399E-13
        2125.0000     0.207845E-13
        2135.0000     0.204390E-13
        2145.0000     0.201532E-13
        2155.0000     0.198264E-13
        2165.0000     0.189327E-13
        2175.0000     0.191396E-13
        2185.0000     0.188244E-13
        2195.0000     0.185619E-13
        2205.0000     0.182048E-13
        2215.0000     0.179042E-13
        2225.0000     0.176663E-13
        2235.0000     0.173858E-13
        2245.0000     0.171097E-13
        2255.0000     0.167512E-13
        2265.0000     0.165401E-13
        2275.0000     0.162951E-13
        2285.0000     0.160391E-13
        2295.0000     0.157797E-13
        2305.0000     0.155637E-13
        2315.0000     0.153117E-13
        2325.0000     0.150846E-13
        2335.0000     0.148468E-13
        2345.0000     0.146194E-13
        2355.0000     0.143988E-13
        2365.0000     0.141712E-13
        2375.0000     0.139604E-13
        2385.0000     0.137393E-13
        2395.0000     0.135313E-13
        2405.0000     0.133130E-13
        2415.0000     0.130979E-13
        2425.0000     0.129999E-13
        2435.0000     0.126931E-13
        2445.0000     0.125030E-13
        2455.0000     0.124236E-13
        2465.0000     0.121938E-13
        2475.0000     0.120173E-13
        2485.0000     0.118960E-13
        2495.0000     0.115547E-13
        2505.0000     0.116030E-13
        2515.0000     0.114352E-13
        2525.0000     0.110625E-13
        2535.0000     0.111184E-13
        2545.0000     0.109632E-13
        2555.0000     0.107954E-13
        2565.0000     0.104116E-13
        2575.0000     0.105128E-13
        2585.0000     0.103428E-13
        2595.0000     0.102405E-13
        2605.0000     0.100830E-13
        2615.0000     0.971481E-14
        2625.0000     0.951309E-14
        2635.0000     0.966719E-14
        2645.0000     0.953675E-14
        2655.0000     0.939169E-14
        2665.0000     0.923506E-14
        2675.0000     0.893598E-14
        2685.0000     0.903424E-14
        2695.0000     0.891459E-14
        2705.0000     0.878075E-14
        2715.0000     0.867462E-14
        2725.0000     0.855691E-14
        2735.0000     0.844069E-14
        2745.0000     0.833101E-14
        2755.0000     0.803347E-14
        2765.0000     0.808318E-14
        2775.0000     0.800016E-14
        2785.0000     0.789590E-14
        2795.0000     0.779292E-14
        2805.0000     0.769121E-14
        2815.0000     0.758833E-14
        2825.0000     0.748911E-14
        2835.0000     0.739587E-14
        2845.0000     0.729191E-14
        2855.0000     0.720333E-14
        2865.0000     0.710414E-14
        2875.0000     0.685324E-14
        2885.0000     0.692546E-14
        2895.0000     0.683885E-14
        2905.0000     0.675327E-14
        2915.0000     0.665969E-14
        2925.0000     0.657842E-14
        2935.0000     0.650032E-14
        2945.0000     0.641650E-14
        2955.0000     0.634025E-14
        2965.0000     0.626053E-14
        2975.0000     0.618173E-14
        2985.0000     0.610599E-14
        2995.0000     0.602685E-14
        3005.0000     0.595288E-14
        3015.0000     0.587975E-14
        3025.0000     0.580955E-14
        3035.0000     0.562580E-14
        3045.0000     0.564673E-14
        3055.0000     0.559957E-14
        3065.0000     0.552844E-14
        3075.0000     0.546621E-14
        3085.0000     0.539058E-14
        3095.0000     0.532982E-14
        3105.0000     0.526575E-14
        3115.0000     0.518660E-14
        3125.0000     0.513973E-14
        3135.0000     0.507972E-14
        3145.0000     0.501842E-14
        3155.0000     0.495973E-14
        3165.0000     0.490740E-14
        3175.0000     0.484425E-14
        3185.0000     0.479311E-14
        3195.0000     0.473689E-14
        3210.0000     0.465183E-14
        3230.0000     0.454852E-14
        3250.0000     0.444375E-14
        3270.0000     0.434121E-14
        3290.0000     0.418774E-14
        3310.0000     0.414253E-14
        3330.0000     0.404975E-14
        3350.0000     0.396399E-14
        3370.0000     0.387156E-14
        3390.0000     0.378602E-14
        3410.0000     0.370221E-14
        3430.0000     0.362661E-14
        3450.0000     0.355089E-14
        3470.0000     0.347509E-14
        3490.0000     0.340079E-14
        3510.0000     0.332794E-14
        3530.0000     0.325653E-14
        3550.0000     0.318651E-14
        3570.0000     0.311635E-14
        3590.0000     0.306240E-14
        3610.0000     0.298742E-14
        3630.0000     0.293861E-14
        3650.0000     0.286193E-14
        3670.0000     0.282087E-14
        3690.0000     0.274115E-14
        3710.0000     0.270611E-14
        3730.0000     0.264276E-14
        3750.0000     0.255336E-14
        3770.0000     0.254790E-14
        3790.0000     0.249842E-14
        3810.0000     0.243400E-14
        3830.0000     0.239689E-14
        3850.0000     0.235526E-14
        3870.0000     0.230668E-14
        3890.0000     0.226278E-14
        3910.0000     0.220086E-14
        3930.0000     0.217851E-14
        3950.0000     0.213564E-14
        3970.0000     0.209717E-14
        3990.0000     0.205334E-14
        4010.0000     0.201147E-14
        4030.0000     0.196562E-14
        4050.0000     0.191940E-14
        4070.0000     0.190636E-14
        4090.0000     0.187059E-14
        4110.0000     0.183769E-14
        4130.0000     0.180422E-14
        4150.0000     0.177019E-14
        4170.0000     0.172242E-14
        4190.0000     0.170710E-14
        4210.0000     0.167363E-14
        4230.0000     0.164714E-14
        4250.0000     0.161789E-14
        4270.0000     0.158912E-14
        4290.0000     0.156081E-14
        4310.0000     0.153296E-14
        4330.0000     0.150555E-14
        4350.0000     0.147959E-14
        4370.0000     0.144001E-14
        4390.0000     0.142791E-14
        4410.0000     0.140219E-14
        4430.0000     0.137882E-14
        4450.0000     0.135582E-14
        4470.0000     0.133317E-14
        4490.0000     0.130992E-14
        4510.0000     0.128797E-14
        4530.0000     0.126729E-14
        4550.0000     0.124693E-14
        4570.0000     0.122595E-14
        4590.0000     0.120529E-14
        4610.0000     0.118584E-14
        4630.0000     0.116579E-14
        4650.0000     0.113365E-14
        4670.0000     0.111693E-14
        4690.0000     0.111004E-14
        4710.0000     0.109200E-14
        4730.0000     0.107508E-14
        4750.0000     0.105756E-14
        4770.0000     0.104029E-14
        4790.0000     0.102411E-14
        4810.0000     0.100733E-14
        4830.0000     0.992443E-15
        4850.0000     0.975319E-15
        4870.0000     0.961673E-15
        4890.0000     0.945013E-15
        4910.0000     0.931770E-15
        4930.0000     0.915558E-15
        4950.0000     0.902703E-15
        4970.0000     0.886925E-15
        4990.0000     0.875984E-15
        5010.0000     0.862137E-15
        5030.0000     0.846969E-15
        5050.0000     0.836519E-15
        5070.0000     0.823972E-15
        5090.0000     0.808640E-15
        5110.0000     0.798656E-15
        5130.0000     0.780070E-15
        5150.0000     0.775467E-15
        5170.0000     0.760881E-15
        5190.0000     0.752896E-15
        5210.0000     0.741482E-15
        5230.0000     0.730921E-15
        5250.0000     0.719805E-15
        5270.0000     0.706767E-15
        5290.0000     0.699380E-15
        5310.0000     0.689367E-15
        5330.0000     0.679485E-15
        5350.0000     0.669730E-15
        5370.0000     0.657645E-15
        5390.0000     0.649478E-15
        5410.0000     0.641675E-15
        5430.0000     0.632280E-15
        5450.0000     0.623587E-15
        5470.0000     0.614299E-15
        5490.0000     0.606209E-15
        5510.0000     0.597843E-15
        5530.0000     0.585761E-15
        5550.0000     0.581360E-15
        5570.0000     0.573304E-15
        5590.0000     0.564858E-15
        5610.0000     0.557674E-15
        5630.0000     0.549973E-15
        5650.0000     0.542667E-15
        5670.0000     0.535271E-15
        5690.0000     0.528025E-15
        5710.0000     0.517284E-15
        5730.0000     0.513971E-15
        5750.0000     0.507100E-15
        5770.0000     0.500312E-15
        5790.0000     0.493549E-15
        5810.0000     0.487093E-15
        5830.0000     0.480714E-15
        5850.0000     0.474747E-15
        5870.0000     0.468461E-15
        5890.0000     0.462083E-15
        5910.0000     0.452217E-15
        5930.0000     0.450316E-15
        5950.0000     0.440424E-15
        5970.0000     0.438606E-15
        5990.0000     0.433120E-15
        6010.0000     0.427485E-15
        6030.0000     0.422179E-15
        6050.0000     0.416776E-15
        6070.0000     0.411384E-15
        6090.0000     0.406104E-15
        6110.0000     0.400783E-15
        6130.0000     0.396031E-15
        6150.0000     0.391080E-15
        6170.0000     0.386184E-15
        6190.0000     0.381344E-15
        6210.0000     0.376657E-15
        6230.0000     0.371677E-15
        6250.0000     0.367292E-15
        6270.0000     0.362760E-15
        6290.0000     0.355472E-15
        6310.0000     0.353751E-15
        6330.0000     0.349655E-15
        6350.0000     0.345366E-15
        6370.0000     0.341172E-15
        6390.0000     0.336929E-15
        6420.0000     0.330999E-15
        6460.0000     0.322967E-15
        6500.0000     0.315242E-15
        6540.0000     0.308040E-15
        6580.0000     0.300679E-15
        6620.0000     0.293648E-15
        6660.0000     0.286979E-15
        6700.0000     0.280363E-15
        6740.0000     0.273757E-15
        6780.0000     0.266704E-15
        6820.0000     0.261444E-15
        6860.0000     0.255799E-15
        6900.0000     0.250027E-15
        6940.0000     0.244131E-15
        6980.0000     0.239061E-15
        7020.0000     0.233780E-15
        7060.0000     0.228679E-15
        7100.0000     0.223413E-15
        7140.0000     0.218888E-15
        7180.0000     0.214153E-15
        7220.0000     0.209472E-15
        7260.0000     0.204700E-15
        7300.0000     0.200774E-15
        7340.0000     0.196494E-15
        7380.0000     0.192401E-15
        7420.0000     0.188384E-15
        7460.0000     0.183479E-15
        7500.0000     0.178837E-15
        7540.0000     0.176945E-15
        7580.0000     0.173349E-15
        7620.0000     0.169819E-15
        7660.0000     0.166386E-15
        7700.0000     0.163046E-15
        7740.0000     0.159767E-15
        7780.0000     0.156199E-15
        7820.0000     0.153509E-15
        7860.0000     0.150462E-15
        7900.0000     0.147500E-15
        7940.0000     0.144621E-15
        7980.0000     0.141821E-15
        8020.0000     0.139070E-15
        8060.0000     0.136367E-15
        8100.0000     0.133768E-15
        8140.0000     0.130809E-15
        8180.0000     0.128703E-15
        8220.0000     0.126292E-15
        8260.0000     0.123921E-15
        8300.0000     0.121589E-15
        8340.0000     0.119297E-15
        8380.0000     0.117097E-15
        8420.0000     0.114961E-15
        8460.0000     0.112860E-15
        8500.0000     0.110766E-15
        8540.0000     0.108760E-15
        8580.0000     0.106785E-15
        8620.0000     0.104869E-15
        8660.0000     0.102651E-15
        8700.0000     0.101127E-15
        8740.0000     0.991510E-16
        8780.0000     0.974050E-16
        8820.0000     0.958589E-16
        8860.0000     0.941170E-16
        8900.0000     0.925235E-16
        8940.0000     0.909067E-16
        8980.0000     0.893149E-16
        9020.0000     0.877949E-16
        9060.0000     0.862281E-16
        9100.0000     0.848011E-16
        9140.0000     0.833499E-16
        9180.0000     0.819434E-16
        9220.0000     0.805581E-16
        9260.0000     0.791266E-16
        9300.0000     0.778718E-16
        9340.0000     0.765696E-16
        9380.0000     0.750691E-16
        9420.0000     0.740444E-16
        9460.0000     0.728418E-16
        9500.0000     0.716144E-16
        9540.0000     0.703838E-16
        9580.0000     0.693174E-16
        9620.0000     0.681834E-16
        9660.0000     0.670864E-16
        9700.0000     0.660050E-16
        9740.0000     0.649392E-16
        9780.0000     0.639085E-16
        9820.0000     0.628925E-16
        9860.0000     0.618120E-16
        9900.0000     0.609227E-16
        9940.0000     0.599682E-16
        9980.0000     0.590270E-16
       10020.0000     0.580989E-16
       20000.0000     0.377738E-17
       40000.0000     0.237702E-18
       60000.0000     0.467797E-19
       80000.0000     0.147277E-19
      100000.0000     0.600359E-20
      120000.0000     0.288317E-20
      140000.0000     0.154960E-20
      160000.0000     0.905147E-21
