#FILENAME  G   BP   RP  V  g  r
# FT6625G350M025K200A000.DAT     4.06184    4.25801    3.72814    4.16815    4.32093    4.11634
           9.0900     0.000000E+00
           9.3500     0.000000E+00
           9.6100     0.000000E+00
           9.7700     0.000000E+00
           9.9600     0.000000E+00
          10.2000     0.000000E+00
          10.3800     0.000000E+00
          10.5600     0.000000E+00
          10.7700     0.000000E+00
          11.0400     0.000000E+00
          11.4000     0.000000E+00
          11.7800     0.000000E+00
          12.1300     0.000000E+00
          12.4800     0.000000E+00
          12.7100     0.000000E+00
          12.8400     0.000000E+00
          13.0500     0.000000E+00
          13.2400     0.000000E+00
          13.3900     0.000000E+00
          13.6600     0.000000E+00
          13.9800     0.000000E+00
          14.3300     0.000000E+00
          14.7200     0.000000E+00
          15.1000     0.000000E+00
          15.5200     0.000000E+00
          15.8800     0.000000E+00
          16.2000     0.000000E+00
          16.6000     0.000000E+00
          17.0300     0.000000E+00
          17.3400     0.000000E+00
          17.6800     0.000000E+00
          18.0200     0.000000E+00
          18.1700     0.000000E+00
          18.6100     0.000000E+00
          19.1000     0.000000E+00
          19.3900     0.000000E+00
          19.8400     0.000000E+00
          20.1800     0.000000E+00
          20.5000     0.000000E+00
          21.0500     0.000000E+00
          21.6200     0.000000E+00
          21.9800     0.000000E+00
          22.3000     0.000000E+00
          22.6800     0.000000E+00
          23.0000     0.000000E+00
          23.4000     0.000000E+00
          24.0000     0.000000E+00
          24.6500     0.000000E+00
          25.2400     0.000000E+00
          25.6800     0.000000E+00
          26.0000     0.000000E+00
          26.4000     0.000000E+00
          26.8500     0.000000E+00
          27.3500     0.000000E+00
          27.8500     0.000000E+00
          28.4000     0.000000E+00
          29.0000     0.000000E+00
          29.6000     0.000000E+00
          30.1000     0.000000E+00
          30.8000     0.000000E+00
          31.8000     0.000000E+00
          32.8000     0.000000E+00
          33.8000     0.000000E+00
          34.8000     0.000000E+00
          35.7000     0.000000E+00
          36.6000     0.000000E+00
          37.5000     0.000000E+00
          38.5000     0.000000E+00
          39.5000     0.000000E+00
          40.5000     0.000000E+00
          41.4000     0.000000E+00
          42.2000     0.000000E+00
          43.0000     0.000000E+00
          44.1000     0.000000E+00
          45.1000     0.000000E+00
          46.0000     0.000000E+00
          47.0000     0.000000E+00
          48.0000     0.000000E+00
          49.0000     0.276765E-37
          50.0000     0.909252E-37
          50.6000     0.239643E-36
          51.2000     0.527291E-36
          52.0000     0.125638E-35
          53.0000     0.359688E-35
          54.0000     0.971958E-35
          55.0000     0.255885E-34
          56.0000     0.644854E-34
          57.0000     0.156962E-33
          58.0000     0.365300E-33
          59.0000     0.842257E-33
          60.0000     0.186395E-32
          61.0000     0.401068E-32
          62.0000     0.839441E-32
          63.0000     0.171334E-31
          64.0000     0.341347E-31
          65.0000     0.664478E-31
          65.8000     0.111417E-30
          66.5000     0.173087E-30
          67.5000     0.319349E-30
          68.5000     0.577904E-30
          69.5000     0.102565E-29
          70.5000     0.178431E-29
          71.6000     0.322933E-29
          72.6000     0.543540E-29
          73.5000     0.856438E-29
          74.5000     0.139945E-28
          75.5000     0.225391E-28
          76.5000     0.357988E-28
          77.5000     0.561155E-28
          78.5000     0.868592E-28
          79.5000     0.131986E-27
          80.5000     0.200094E-27
          81.5000     0.299265E-27
          82.5000     0.442020E-27
          83.5000     0.646008E-27
          84.5000     0.934412E-27
          85.5000     0.133890E-26
          86.5000     0.189986E-26
          87.5000     0.266884E-26
          88.5000     0.372380E-26
          89.5000     0.514721E-26
          90.5000     0.704959E-26
          91.5000     0.180792E-22
          92.5000     0.602959E-22
          93.5000     0.837442E-22
          94.5000     0.115713E-21
          95.5000     0.165040E-21
          96.5000     0.224770E-21
          97.5000     0.302777E-21
          98.5000     0.407193E-21
          99.5000     0.541608E-21
         100.5000     0.733757E-21
         101.5000     0.965852E-21
         102.5000     0.124348E-20
         103.5000     0.164986E-20
         104.5000     0.213944E-20
         105.5000     0.275805E-20
         106.5000     0.353044E-20
         107.5000     0.451237E-20
         108.5000     0.573746E-20
         109.5000     0.723987E-20
         110.5000     0.168286E-19
         111.5000     0.531888E-19
         112.5000     0.800583E-19
         113.5000     0.117349E-18
         114.5000     0.152498E-18
         115.5000     0.171114E-18
         116.5000     0.231966E-18
         117.5000     0.275749E-18
         118.5000     0.299072E-18
         119.5000     0.156364E-18
         120.5000     0.134656E-18
         121.5000     0.684814E-19
         122.5000     0.172152E-18
         123.5000     0.406929E-18
         124.5000     0.894115E-18
         125.5000     0.175206E-17
         126.5000     0.193151E-17
         127.5000     0.289322E-17
         128.5000     0.406263E-17
         129.5000     0.508495E-17
         130.5000     0.504330E-17
         131.5000     0.703892E-17
         132.5000     0.838055E-17
         133.5000     0.959646E-17
         134.5000     0.115492E-16
         135.5000     0.125372E-16
         136.5000     0.144611E-16
         137.5000     0.159026E-16
         138.5000     0.174708E-16
         139.5000     0.200848E-16
         140.5000     0.229334E-16
         141.5000     0.250302E-16
         142.5000     0.277262E-16
         143.5000     0.298056E-16
         144.2000     0.350703E-16
         144.7000     0.355235E-16
         145.5000     0.399011E-16
         146.5000     0.426239E-16
         147.5000     0.467219E-16
         148.5000     0.521909E-16
         149.5000     0.611172E-16
         150.5000     0.689231E-16
         151.2000     0.684623E-16
         151.7000     0.769740E-16
         152.5000     0.999660E-16
         153.5000     0.190508E-15
         154.5000     0.231052E-15
         155.5000     0.265471E-15
         156.5000     0.252941E-15
         157.5000     0.348400E-15
         158.5000     0.392193E-15
         159.5000     0.458953E-15
         160.5000     0.469532E-15
         161.5000     0.500594E-15
         162.5000     0.526869E-15
         163.5000     0.669520E-15
         164.5000     0.836487E-15
         165.5000     0.581702E-15
         166.5000     0.974702E-15
         167.2000     0.667480E-15
         167.7000     0.102345E-14
         168.5000     0.154997E-14
         169.5000     0.257422E-14
         170.5000     0.644857E-14
         171.5000     0.165313E-13
         172.5000     0.222160E-13
         173.5000     0.310134E-13
         174.5000     0.288037E-13
         175.5000     0.427767E-13
         176.5000     0.265871E-13
         177.5000     0.395085E-13
         178.5000     0.405335E-13
         179.5000     0.650817E-13
         180.5000     0.451243E-13
         181.5000     0.517962E-13
         182.5000     0.474928E-13
         183.5000     0.468401E-13
         184.5000     0.356617E-13
         185.5000     0.508999E-13
         186.5000     0.695375E-13
         187.5000     0.629693E-13
         188.5000     0.680159E-13
         189.5000     0.788721E-13
         190.5000     0.723471E-13
         191.5000     0.760322E-13
         192.5000     0.616528E-13
         193.5000     0.261049E-13
         194.5000     0.836266E-13
         195.5000     0.908401E-13
         196.7000     0.107454E-12
         197.6000     0.103094E-12
         198.4000     0.969124E-13
         199.5000     0.101813E-12
         200.5000     0.938450E-13
         201.5000     0.917838E-13
         202.5000     0.799049E-13
         203.5000     0.108116E-12
         204.5000     0.121806E-12
         205.5000     0.111917E-12
         206.5000     0.103515E-12
         207.4000     0.126125E-12
         207.8000     0.177351E-12
         208.5000     0.166735E-12
         209.5000     0.162398E-12
         210.5000     0.168422E-12
         211.5000     0.191707E-12
         212.5000     0.177905E-12
         213.5000     0.148430E-12
         214.5000     0.191917E-12
         215.5000     0.197604E-12
         216.5000     0.177234E-12
         217.5000     0.181316E-12
         218.5000     0.205532E-12
         219.5000     0.222742E-12
         220.5000     0.209107E-12
         221.5000     0.163741E-12
         222.5000     0.170473E-12
         223.5000     0.223198E-12
         224.5000     0.205408E-12
         225.5000     0.159114E-12
         226.5000     0.160437E-12
         227.5000     0.192182E-12
         228.5000     0.216178E-12
         229.5000     0.185720E-12
         230.5000     0.213776E-12
         231.5000     0.194317E-12
         232.5000     0.185599E-12
         233.5000     0.120228E-12
         234.5000     0.770323E-13
         235.5000     0.162186E-12
         236.5000     0.830277E-13
         237.5000     0.121373E-12
         238.5000     0.565259E-13
         239.5000     0.808939E-13
         240.5000     0.790969E-13
         241.5000     0.103628E-12
         242.5000     0.183373E-12
         243.5000     0.181289E-12
         244.5000     0.212067E-12
         245.5000     0.217111E-12
         246.5000     0.202683E-12
         247.5000     0.179134E-12
         248.5000     0.153754E-12
         249.5000     0.154708E-12
         250.5000     0.230595E-12
         251.3000     0.147102E-12
         251.8000     0.136280E-12
         252.5000     0.108672E-12
         253.5000     0.107072E-12
         254.5000     0.124090E-12
         255.5000     0.183962E-12
         256.5000     0.153976E-12
         257.5000     0.188336E-12
         258.5000     0.173068E-12
         259.5000     0.154276E-12
         260.5000     0.130518E-12
         261.5000     0.117928E-12
         262.5000     0.169974E-12
         263.5000     0.240342E-12
         264.5000     0.336688E-12
         265.5000     0.381970E-12
         266.5000     0.276378E-12
         267.5000     0.318206E-12
         268.5000     0.328590E-12
         269.5000     0.274477E-12
         270.5000     0.316159E-12
         271.5000     0.253380E-12
         272.5000     0.252968E-12
         273.5000     0.283148E-12
         274.5000     0.149033E-12
         275.5000     0.197052E-12
         276.5000     0.242996E-12
         277.5000     0.296680E-12
         278.5000     0.203891E-12
         279.5000     0.598626E-13
         280.5000     0.824615E-13
         281.5000     0.286617E-12
         282.5000     0.382494E-12
         283.5000     0.358595E-12
         284.5000     0.335258E-12
         285.5000     0.239876E-12
         286.5000     0.369089E-12
         287.5000     0.377183E-12
         288.5000     0.363759E-12
         289.5000     0.356452E-12
         291.0000     0.449577E-12
         293.0000     0.412008E-12
         295.0000     0.402919E-12
         297.0000     0.445273E-12
         299.0000     0.444691E-12
         301.0000     0.469027E-12
         303.0000     0.460978E-12
         305.0000     0.472862E-12
         307.0000     0.480132E-12
         309.0000     0.497202E-12
         311.0000     0.484492E-12
         313.0000     0.479298E-12
         315.0000     0.487705E-12
         317.0000     0.496816E-12
         319.0000     0.452216E-12
         321.0000     0.486185E-12
         323.0000     0.434844E-12
         325.0000     0.490427E-12
         327.0000     0.527070E-12
         329.0000     0.522627E-12
         331.0000     0.537655E-12
         333.0000     0.529144E-12
         335.0000     0.523868E-12
         337.0000     0.496928E-12
         339.0000     0.517578E-12
         341.0000     0.517288E-12
         343.0000     0.526411E-12
         345.0000     0.533197E-12
         347.0000     0.526273E-12
         349.0000     0.532994E-12
         351.0000     0.549476E-12
         353.0000     0.532048E-12
         355.0000     0.579103E-12
         357.0000     0.522296E-12
         359.0000     0.517533E-12
         361.0000     0.529154E-12
         363.0000     0.534966E-12
         364.0000     0.535210E-12
         365.0000     0.577848E-12
         367.0000     0.566165E-12
         369.0000     0.548511E-12
         371.0000     0.597848E-12
         373.0000     0.601915E-12
         375.0000     0.701868E-12
         377.0000     0.756016E-12
         379.0000     0.843248E-12
         381.0000     0.932702E-12
         383.0000     0.759799E-12
         385.0000     0.967297E-12
         387.0000     0.102202E-11
         389.0000     0.793617E-12
         391.0000     0.998465E-12
         393.0000     0.680708E-12
         395.0000     0.951465E-12
         397.0000     0.639114E-12
         399.0000     0.103497E-11
         401.0000     0.108946E-11
         403.0000     0.108575E-11
         405.0000     0.106711E-11
         407.0000     0.105202E-11
         409.0000     0.101577E-11
         411.0000     0.880301E-12
         413.0000     0.106547E-11
         415.0000     0.110092E-11
         417.0000     0.108609E-11
         419.0000     0.107706E-11
         421.0000     0.107419E-11
         423.0000     0.104255E-11
         425.0000     0.106340E-11
         427.0000     0.104138E-11
         429.0000     0.101463E-11
         431.0000     0.941114E-12
         433.0000     0.945310E-12
         435.0000     0.853853E-12
         437.0000     0.105694E-11
         439.0000     0.103143E-11
         441.0000     0.102801E-11
         443.0000     0.102753E-11
         445.0000     0.102412E-11
         447.0000     0.103318E-11
         449.0000     0.103255E-11
         451.0000     0.107708E-11
         453.0000     0.101533E-11
         455.0000     0.101845E-11
         457.0000     0.105998E-11
         459.0000     0.101441E-11
         461.0000     0.103536E-11
         463.0000     0.101482E-11
         465.0000     0.102205E-11
         467.0000     0.103176E-11
         469.0000     0.100818E-11
         471.0000     0.972872E-12
         473.0000     0.101003E-11
         475.0000     0.101257E-11
         477.0000     0.100158E-11
         479.0000     0.995733E-12
         481.0000     0.987470E-12
         483.0000     0.976846E-12
         485.0000     0.875996E-12
         487.0000     0.746891E-12
         489.0000     0.933801E-12
         491.0000     0.942891E-12
         493.0000     0.927377E-12
         495.0000     0.946471E-12
         497.0000     0.953599E-12
         499.0000     0.908285E-12
         501.0000     0.881211E-12
         503.0000     0.915090E-12
         505.0000     0.904852E-12
         507.0000     0.923058E-12
         509.0000     0.903252E-12
         511.0000     0.905730E-12
         513.0000     0.887038E-12
         515.0000     0.867887E-12
         517.0000     0.851155E-12
         519.0000     0.843897E-12
         521.0000     0.852246E-12
         523.0000     0.856242E-12
         525.0000     0.869185E-12
         527.0000     0.809506E-12
         529.0000     0.854037E-12
         531.0000     0.855087E-12
         533.0000     0.815651E-12
         535.0000     0.843686E-12
         537.0000     0.836085E-12
         539.0000     0.829892E-12
         541.0000     0.810681E-12
         543.0000     0.819659E-12
         545.0000     0.825904E-12
         547.0000     0.815395E-12
         549.0000     0.812642E-12
         551.0000     0.809276E-12
         553.0000     0.805312E-12
         555.0000     0.808222E-12
         557.0000     0.791935E-12
         559.0000     0.784440E-12
         561.0000     0.786767E-12
         563.0000     0.789042E-12
         565.0000     0.782265E-12
         567.0000     0.769609E-12
         569.0000     0.773080E-12
         571.0000     0.764150E-12
         573.0000     0.778072E-12
         575.0000     0.764560E-12
         577.0000     0.763871E-12
         579.0000     0.754604E-12
         581.0000     0.755091E-12
         583.0000     0.753863E-12
         585.0000     0.743121E-12
         587.0000     0.740845E-12
         589.0000     0.721470E-12
         591.0000     0.731399E-12
         593.0000     0.726474E-12
         595.0000     0.724303E-12
         597.0000     0.720533E-12
         599.0000     0.713594E-12
         601.0000     0.705141E-12
         603.0000     0.702051E-12
         605.0000     0.704219E-12
         607.0000     0.701145E-12
         609.0000     0.692417E-12
         611.0000     0.685326E-12
         613.0000     0.670669E-12
         615.0000     0.667327E-12
         617.0000     0.660493E-12
         619.0000     0.671225E-12
         621.0000     0.669391E-12
         623.0000     0.658686E-12
         625.0000     0.641241E-12
         627.0000     0.657129E-12
         629.0000     0.654408E-12
         631.0000     0.641609E-12
         633.0000     0.640907E-12
         635.0000     0.637351E-12
         637.0000     0.633355E-12
         639.0000     0.632210E-12
         641.0000     0.621746E-12
         643.0000     0.622053E-12
         645.0000     0.614979E-12
         647.0000     0.613471E-12
         649.0000     0.603330E-12
         651.0000     0.606407E-12
         653.0000     0.600452E-12
         655.0000     0.563314E-12
         657.0000     0.477370E-12
         659.0000     0.580308E-12
         661.0000     0.590389E-12
         663.0000     0.589011E-12
         665.0000     0.586339E-12
         667.0000     0.580676E-12
         669.0000     0.581488E-12
         671.0000     0.575900E-12
         673.0000     0.574174E-12
         675.0000     0.568254E-12
         677.0000     0.567409E-12
         679.0000     0.563240E-12
         681.0000     0.559524E-12
         683.0000     0.556662E-12
         685.0000     0.550968E-12
         687.0000     0.550199E-12
         689.0000     0.547413E-12
         691.0000     0.543847E-12
         693.0000     0.540713E-12
         695.0000     0.537209E-12
         697.0000     0.534525E-12
         699.0000     0.531862E-12
         701.0000     0.522986E-12
         703.0000     0.523502E-12
         705.0000     0.522077E-12
         707.0000     0.518361E-12
         709.0000     0.515441E-12
         711.0000     0.507999E-12
         713.0000     0.506660E-12
         715.0000     0.503830E-12
         717.0000     0.500650E-12
         719.0000     0.494535E-12
         721.0000     0.494374E-12
         723.0000     0.491642E-12
         725.0000     0.490755E-12
         727.0000     0.488421E-12
         729.0000     0.481061E-12
         731.0000     0.480940E-12
         733.0000     0.478319E-12
         735.0000     0.477492E-12
         737.0000     0.475609E-12
         739.0000     0.468480E-12
         741.0000     0.462467E-12
         743.0000     0.462409E-12
         745.0000     0.460964E-12
         747.0000     0.459186E-12
         749.0000     0.455713E-12
         751.0000     0.454307E-12
         753.0000     0.452573E-12
         755.0000     0.451858E-12
         757.0000     0.447803E-12
         759.0000     0.445446E-12
         761.0000     0.442777E-12
         763.0000     0.440787E-12
         765.0000     0.437831E-12
         767.0000     0.431319E-12
         769.0000     0.432317E-12
         771.0000     0.428144E-12
         773.0000     0.427854E-12
         775.0000     0.423417E-12
         777.0000     0.418702E-12
         779.0000     0.421920E-12
         781.0000     0.419134E-12
         783.0000     0.414497E-12
         785.0000     0.412076E-12
         787.0000     0.411531E-12
         789.0000     0.409139E-12
         791.0000     0.405849E-12
         793.0000     0.400759E-12
         795.0000     0.399654E-12
         797.0000     0.400967E-12
         799.0000     0.398362E-12
         801.0000     0.394883E-12
         803.0000     0.392621E-12
         805.0000     0.390082E-12
         807.0000     0.389327E-12
         809.0000     0.385356E-12
         811.0000     0.385496E-12
         813.0000     0.383891E-12
         815.0000     0.381433E-12
         817.0000     0.379281E-12
         819.0000     0.371435E-12
         821.0000     0.371616E-12
         823.0000     0.368964E-12
         825.0000     0.368022E-12
         827.0000     0.369324E-12
         829.0000     0.366708E-12
         831.0000     0.363004E-12
         833.0000     0.358227E-12
         835.0000     0.359809E-12
         837.0000     0.358638E-12
         839.0000     0.354210E-12
         841.0000     0.354152E-12
         843.0000     0.350856E-12
         845.0000     0.347052E-12
         847.0000     0.344347E-12
         849.0000     0.345118E-12
         851.0000     0.328160E-12
         853.0000     0.341889E-12
         855.0000     0.301258E-12
         857.0000     0.343398E-12
         859.0000     0.332198E-12
         861.0000     0.326523E-12
         863.0000     0.339154E-12
         865.0000     0.333492E-12
         867.0000     0.288646E-12
         869.0000     0.328400E-12
         871.0000     0.333710E-12
         873.0000     0.329418E-12
         875.0000     0.297899E-12
         877.0000     0.323681E-12
         879.0000     0.327415E-12
         881.0000     0.324696E-12
         883.0000     0.321754E-12
         885.0000     0.312232E-12
         887.0000     0.286729E-12
         889.0000     0.316940E-12
         891.0000     0.318173E-12
         893.0000     0.315548E-12
         895.0000     0.315813E-12
         897.0000     0.313930E-12
         899.0000     0.309929E-12
         901.0000     0.277180E-12
         903.0000     0.294977E-12
         905.0000     0.307002E-12
         907.0000     0.301692E-12
         909.0000     0.296194E-12
         911.0000     0.300664E-12
         913.0000     0.302794E-12
         915.0000     0.301472E-12
         917.0000     0.299020E-12
         919.0000     0.296812E-12
         921.0000     0.287623E-12
         923.0000     0.255807E-12
         925.0000     0.281112E-12
         927.0000     0.287032E-12
         929.0000     0.290013E-12
         931.0000     0.289431E-12
         933.0000     0.287752E-12
         935.0000     0.286303E-12
         937.0000     0.285082E-12
         939.0000     0.283435E-12
         941.0000     0.274013E-12
         943.0000     0.278882E-12
         945.0000     0.277274E-12
         947.0000     0.277598E-12
         949.0000     0.276004E-12
         951.0000     0.272727E-12
         953.0000     0.265258E-12
         955.0000     0.236641E-12
         957.0000     0.263672E-12
         959.0000     0.267779E-12
         961.0000     0.265422E-12
         963.0000     0.263288E-12
         965.0000     0.263843E-12
         967.0000     0.260910E-12
         969.0000     0.261261E-12
         971.0000     0.261405E-12
         973.0000     0.260129E-12
         975.0000     0.257048E-12
         977.0000     0.257201E-12
         979.0000     0.255751E-12
         981.0000     0.254909E-12
         983.0000     0.253476E-12
         985.0000     0.251461E-12
         987.0000     0.249853E-12
         989.0000     0.248060E-12
         991.0000     0.247060E-12
         993.0000     0.247037E-12
         995.0000     0.245852E-12
         997.0000     0.244674E-12
         999.0000     0.242927E-12
        1002.5000     0.233993E-12
        1007.5000     0.225639E-12
        1012.5000     0.233877E-12
        1017.5000     0.231584E-12
        1022.5000     0.229508E-12
        1027.5000     0.227280E-12
        1032.5000     0.223288E-12
        1037.5000     0.221141E-12
        1042.5000     0.219024E-12
        1047.5000     0.214321E-12
        1052.5000     0.212981E-12
        1057.5000     0.210286E-12
        1062.5000     0.207633E-12
        1067.5000     0.201996E-12
        1072.5000     0.201782E-12
        1077.5000     0.199583E-12
        1082.5000     0.196436E-12
        1087.5000     0.193825E-12
        1092.5000     0.179219E-12
        1097.5000     0.186175E-12
        1102.5000     0.188901E-12
        1107.5000     0.187824E-12
        1112.5000     0.185057E-12
        1117.5000     0.182791E-12
        1122.5000     0.181318E-12
        1127.5000     0.177002E-12
        1132.5000     0.175293E-12
        1137.5000     0.174348E-12
        1142.5000     0.171358E-12
        1147.5000     0.171322E-12
        1152.5000     0.169550E-12
        1157.5000     0.167231E-12
        1162.5000     0.163670E-12
        1167.5000     0.161428E-12
        1172.5000     0.162144E-12
        1177.5000     0.157593E-12
        1182.5000     0.156948E-12
        1187.5000     0.154407E-12
        1192.5000     0.155269E-12
        1197.5000     0.151305E-12
        1202.5000     0.150976E-12
        1207.5000     0.148940E-12
        1212.5000     0.147714E-12
        1217.5000     0.146891E-12
        1222.5000     0.145180E-12
        1227.5000     0.143237E-12
        1232.5000     0.141951E-12
        1237.5000     0.140431E-12
        1242.5000     0.139179E-12
        1247.5000     0.137696E-12
        1252.5000     0.135989E-12
        1257.5000     0.134062E-12
        1262.5000     0.132882E-12
        1267.5000     0.131716E-12
        1272.5000     0.130329E-12
        1277.5000     0.127198E-12
        1282.5000     0.114542E-12
        1287.5000     0.124883E-12
        1292.5000     0.124721E-12
        1297.5000     0.123876E-12
        1302.5000     0.122588E-12
        1307.5000     0.121540E-12
        1312.5000     0.119838E-12
        1317.5000     0.118378E-12
        1322.5000     0.117813E-12
        1327.5000     0.116275E-12
        1332.5000     0.115405E-12
        1337.5000     0.114115E-12
        1342.5000     0.113160E-12
        1347.5000     0.112006E-12
        1352.5000     0.110656E-12
        1357.5000     0.109219E-12
        1362.5000     0.108522E-12
        1367.5000     0.107320E-12
        1372.5000     0.105523E-12
        1377.5000     0.105061E-12
        1382.5000     0.104102E-12
        1387.5000     0.103452E-12
        1392.5000     0.102118E-12
        1397.5000     0.101193E-12
        1402.5000     0.100083E-12
        1407.5000     0.993733E-13
        1412.5000     0.979992E-13
        1417.5000     0.974043E-13
        1422.5000     0.959637E-13
        1427.5000     0.947287E-13
        1432.5000     0.945352E-13
        1437.5000     0.937861E-13
        1442.5000     0.907718E-13
        1447.5000     0.918549E-13
        1452.5000     0.898711E-13
        1457.0000     0.898852E-13
        1462.0000     0.888862E-13
        1467.5000     0.882478E-13
        1472.5000     0.869165E-13
        1477.5000     0.859520E-13
        1482.5000     0.853993E-13
        1487.5000     0.839694E-13
        1492.5000     0.843706E-13
        1497.5000     0.831676E-13
        1502.5000     0.818855E-13
        1507.5000     0.809471E-13
        1512.5000     0.809737E-13
        1517.5000     0.802996E-13
        1522.5000     0.791865E-13
        1527.5000     0.785540E-13
        1532.5000     0.776998E-13
        1537.5000     0.770980E-13
        1542.5000     0.757619E-13
        1547.5000     0.755850E-13
        1552.5000     0.748527E-13
        1557.5000     0.731334E-13
        1562.5000     0.740388E-13
        1567.5000     0.721175E-13
        1572.5000     0.705832E-13
        1577.5000     0.710368E-13
        1582.5000     0.708333E-13
        1587.5000     0.662313E-13
        1592.5000     0.690253E-13
        1597.5000     0.693068E-13
        1605.0000     0.676049E-13
        1615.0000     0.643180E-13
        1625.0000     0.662194E-13
        1635.0000     0.634991E-13
        1645.0000     0.599482E-13
        1655.0000     0.623582E-13
        1665.0000     0.611417E-13
        1675.0000     0.582501E-13
        1685.0000     0.547953E-13
        1695.0000     0.574435E-13
        1705.0000     0.560667E-13
        1715.0000     0.550632E-13
        1725.0000     0.533455E-13
        1735.0000     0.483363E-13
        1745.0000     0.507272E-13
        1755.0000     0.504803E-13
        1765.0000     0.494489E-13
        1775.0000     0.485833E-13
        1785.0000     0.476137E-13
        1795.0000     0.468113E-13
        1805.0000     0.455240E-13
        1815.0000     0.415648E-13
        1825.0000     0.430310E-13
        1835.0000     0.430239E-13
        1845.0000     0.421594E-13
        1855.0000     0.413388E-13
        1865.0000     0.402800E-13
        1875.0000     0.364852E-13
        1885.0000     0.386160E-13
        1895.0000     0.378362E-13
        1905.0000     0.376669E-13
        1915.0000     0.369038E-13
        1925.0000     0.361803E-13
        1935.0000     0.351731E-13
        1945.0000     0.320535E-13
        1955.0000     0.339310E-13
        1965.0000     0.335369E-13
        1975.0000     0.328496E-13
        1985.0000     0.323639E-13
        1995.0000     0.317709E-13
        2005.0000     0.312499E-13
        2015.0000     0.307283E-13
        2025.0000     0.300893E-13
        2035.0000     0.294613E-13
        2045.0000     0.291006E-13
        2055.0000     0.285596E-13
        2065.0000     0.279693E-13
        2075.0000     0.275180E-13
        2085.0000     0.270521E-13
        2095.0000     0.265152E-13
        2105.0000     0.261083E-13
        2115.0000     0.256051E-13
        2125.0000     0.251611E-13
        2135.0000     0.247495E-13
        2145.0000     0.243736E-13
        2155.0000     0.238180E-13
        2165.0000     0.218090E-13
        2175.0000     0.228639E-13
        2185.0000     0.226831E-13
        2195.0000     0.224054E-13
        2205.0000     0.219348E-13
        2215.0000     0.215967E-13
        2225.0000     0.212947E-13
        2235.0000     0.209397E-13
        2245.0000     0.205940E-13
        2255.0000     0.201820E-13
        2265.0000     0.198959E-13
        2275.0000     0.195956E-13
        2285.0000     0.192521E-13
        2295.0000     0.189501E-13
        2305.0000     0.186852E-13
        2315.0000     0.183668E-13
        2325.0000     0.180958E-13
        2335.0000     0.177901E-13
        2345.0000     0.175343E-13
        2355.0000     0.172510E-13
        2365.0000     0.169924E-13
        2375.0000     0.166901E-13
        2385.0000     0.164326E-13
        2395.0000     0.162022E-13
        2405.0000     0.159419E-13
        2415.0000     0.156821E-13
        2425.0000     0.154586E-13
        2435.0000     0.151994E-13
        2445.0000     0.149825E-13
        2455.0000     0.147208E-13
        2465.0000     0.145323E-13
        2475.0000     0.142963E-13
        2485.0000     0.140636E-13
        2495.0000     0.138219E-13
        2505.0000     0.137087E-13
        2515.0000     0.135031E-13
        2525.0000     0.132011E-13
        2535.0000     0.131031E-13
        2545.0000     0.129205E-13
        2555.0000     0.126993E-13
        2565.0000     0.123385E-13
        2575.0000     0.123641E-13
        2585.0000     0.121540E-13
        2595.0000     0.120264E-13
        2605.0000     0.117932E-13
        2615.0000     0.113755E-13
        2625.0000     0.107721E-13
        2635.0000     0.112614E-13
        2645.0000     0.111737E-13
        2655.0000     0.110272E-13
        2665.0000     0.108016E-13
        2675.0000     0.103651E-13
        2685.0000     0.105590E-13
        2695.0000     0.104676E-13
        2705.0000     0.103223E-13
        2715.0000     0.101840E-13
        2725.0000     0.100424E-13
        2735.0000     0.990507E-14
        2745.0000     0.974662E-14
        2755.0000     0.925716E-14
        2765.0000     0.936316E-14
        2775.0000     0.936295E-14
        2785.0000     0.925139E-14
        2795.0000     0.913382E-14
        2805.0000     0.901040E-14
        2815.0000     0.889092E-14
        2825.0000     0.877049E-14
        2835.0000     0.865869E-14
        2845.0000     0.852932E-14
        2855.0000     0.841798E-14
        2865.0000     0.822867E-14
        2875.0000     0.781242E-14
        2885.0000     0.806206E-14
        2895.0000     0.799275E-14
        2905.0000     0.789243E-14
        2915.0000     0.778203E-14
        2925.0000     0.767967E-14
        2935.0000     0.758963E-14
        2945.0000     0.748960E-14
        2955.0000     0.739733E-14
        2965.0000     0.730395E-14
        2975.0000     0.720949E-14
        2985.0000     0.712043E-14
        2995.0000     0.702599E-14
        3005.0000     0.693689E-14
        3015.0000     0.685093E-14
        3025.0000     0.674920E-14
        3035.0000     0.641166E-14
        3045.0000     0.646669E-14
        3055.0000     0.650650E-14
        3065.0000     0.643149E-14
        3075.0000     0.635935E-14
        3085.0000     0.627191E-14
        3095.0000     0.619746E-14
        3105.0000     0.612583E-14
        3115.0000     0.602932E-14
        3125.0000     0.597511E-14
        3135.0000     0.590393E-14
        3145.0000     0.583159E-14
        3155.0000     0.575813E-14
        3165.0000     0.569695E-14
        3175.0000     0.562502E-14
        3185.0000     0.556333E-14
        3195.0000     0.549854E-14
        3210.0000     0.539709E-14
        3230.0000     0.527540E-14
        3250.0000     0.515084E-14
        3270.0000     0.502892E-14
        3290.0000     0.476628E-14
        3310.0000     0.477178E-14
        3330.0000     0.468354E-14
        3350.0000     0.458513E-14
        3370.0000     0.447522E-14
        3390.0000     0.437591E-14
        3410.0000     0.427862E-14
        3430.0000     0.419306E-14
        3450.0000     0.410597E-14
        3470.0000     0.401425E-14
        3490.0000     0.392906E-14
        3510.0000     0.384400E-14
        3530.0000     0.376061E-14
        3550.0000     0.367885E-14
        3570.0000     0.359867E-14
        3590.0000     0.352451E-14
        3610.0000     0.344883E-14
        3630.0000     0.338041E-14
        3650.0000     0.330035E-14
        3670.0000     0.323746E-14
        3690.0000     0.315605E-14
        3710.0000     0.309707E-14
        3730.0000     0.300338E-14
        3750.0000     0.290879E-14
        3770.0000     0.291708E-14
        3790.0000     0.286105E-14
        3810.0000     0.279679E-14
        3830.0000     0.274546E-14
        3850.0000     0.269763E-14
        3870.0000     0.264041E-14
        3890.0000     0.258802E-14
        3910.0000     0.252403E-14
        3930.0000     0.249221E-14
        3950.0000     0.244249E-14
        3970.0000     0.239728E-14
        3990.0000     0.234444E-14
        4010.0000     0.229253E-14
        4030.0000     0.224507E-14
        4050.0000     0.216691E-14
        4070.0000     0.217457E-14
        4090.0000     0.213504E-14
        4110.0000     0.209844E-14
        4130.0000     0.206020E-14
        4150.0000     0.201926E-14
        4170.0000     0.195589E-14
        4190.0000     0.194490E-14
        4210.0000     0.190809E-14
        4230.0000     0.187832E-14
        4250.0000     0.184372E-14
        4270.0000     0.181179E-14
        4290.0000     0.177932E-14
        4310.0000     0.174739E-14
        4330.0000     0.171494E-14
        4350.0000     0.168402E-14
        4370.0000     0.162853E-14
        4390.0000     0.162168E-14
        4410.0000     0.159617E-14
        4430.0000     0.156911E-14
        4450.0000     0.154246E-14
        4470.0000     0.151719E-14
        4490.0000     0.149135E-14
        4510.0000     0.146592E-14
        4530.0000     0.144087E-14
        4550.0000     0.141713E-14
        4570.0000     0.139283E-14
        4590.0000     0.136890E-14
        4610.0000     0.134714E-14
        4630.0000     0.132391E-14
        4650.0000     0.127004E-14
        4670.0000     0.125479E-14
        4690.0000     0.125804E-14
        4710.0000     0.123961E-14
        4730.0000     0.121974E-14
        4750.0000     0.120015E-14
        4770.0000     0.118085E-14
        4790.0000     0.116183E-14
        4810.0000     0.114308E-14
        4830.0000     0.112543E-14
        4850.0000     0.110721E-14
        4870.0000     0.108925E-14
        4890.0000     0.107235E-14
        4910.0000     0.105569E-14
        4930.0000     0.103926E-14
        4950.0000     0.102228E-14
        4970.0000     0.100709E-14
        4990.0000     0.991346E-15
        5010.0000     0.975817E-15
        5030.0000     0.961261E-15
        5050.0000     0.946153E-15
        5070.0000     0.931998E-15
        5090.0000     0.917296E-15
        5110.0000     0.902796E-15
        5130.0000     0.872485E-15
        5150.0000     0.876552E-15
        5170.0000     0.864052E-15
        5190.0000     0.851006E-15
        5210.0000     0.838136E-15
        5230.0000     0.826137E-15
        5250.0000     0.814296E-15
        5270.0000     0.801922E-15
        5290.0000     0.790395E-15
        5310.0000     0.779019E-15
        5330.0000     0.767791E-15
        5350.0000     0.756708E-15
        5370.0000     0.744441E-15
        5390.0000     0.734313E-15
        5410.0000     0.724313E-15
        5430.0000     0.713792E-15
        5450.0000     0.704049E-15
        5470.0000     0.693790E-15
        5490.0000     0.684297E-15
        5510.0000     0.674923E-15
        5530.0000     0.663161E-15
        5550.0000     0.655904E-15
        5570.0000     0.646881E-15
        5590.0000     0.637358E-15
        5610.0000     0.629170E-15
        5630.0000     0.620479E-15
        5650.0000     0.611895E-15
        5670.0000     0.604012E-15
        5690.0000     0.595633E-15
        5710.0000     0.584713E-15
        5730.0000     0.579413E-15
        5750.0000     0.571740E-15
        5770.0000     0.563987E-15
        5790.0000     0.556385E-15
        5810.0000     0.549044E-15
        5830.0000     0.541790E-15
        5850.0000     0.534790E-15
        5870.0000     0.527595E-15
        5890.0000     0.519878E-15
        5910.0000     0.503865E-15
        5930.0000     0.506843E-15
        5950.0000     0.496626E-15
        5970.0000     0.493143E-15
        5990.0000     0.487614E-15
        6010.0000     0.481193E-15
        6030.0000     0.475215E-15
        6050.0000     0.469096E-15
        6070.0000     0.462995E-15
        6090.0000     0.456964E-15
        6110.0000     0.450848E-15
        6130.0000     0.445567E-15
        6150.0000     0.440041E-15
        6170.0000     0.434476E-15
        6190.0000     0.428974E-15
        6210.0000     0.423683E-15
        6230.0000     0.417908E-15
        6250.0000     0.413081E-15
        6270.0000     0.407819E-15
        6290.0000     0.398792E-15
        6310.0000     0.397471E-15
        6330.0000     0.393147E-15
        6350.0000     0.388300E-15
        6370.0000     0.383553E-15
        6390.0000     0.378904E-15
        6420.0000     0.372072E-15
        6460.0000     0.363074E-15
        6500.0000     0.354358E-15
        6540.0000     0.346097E-15
        6580.0000     0.337965E-15
        6620.0000     0.330004E-15
        6660.0000     0.322382E-15
        6700.0000     0.314876E-15
        6740.0000     0.307566E-15
        6780.0000     0.298657E-15
        6820.0000     0.293764E-15
        6860.0000     0.287133E-15
        6900.0000     0.280636E-15
        6940.0000     0.274349E-15
        6980.0000     0.268305E-15
        7020.0000     0.262264E-15
        7060.0000     0.256573E-15
        7100.0000     0.250993E-15
        7140.0000     0.245521E-15
        7180.0000     0.240193E-15
        7220.0000     0.234967E-15
        7260.0000     0.229951E-15
        7300.0000     0.225138E-15
        7340.0000     0.220309E-15
        7380.0000     0.215713E-15
        7420.0000     0.211167E-15
        7460.0000     0.204676E-15
        7500.0000     0.199332E-15
        7540.0000     0.198234E-15
        7580.0000     0.194247E-15
        7620.0000     0.190267E-15
        7660.0000     0.186425E-15
        7700.0000     0.182652E-15
        7740.0000     0.178979E-15
        7780.0000     0.175213E-15
        7820.0000     0.171922E-15
        7860.0000     0.168503E-15
        7900.0000     0.165175E-15
        7940.0000     0.161935E-15
        7980.0000     0.158782E-15
        8020.0000     0.155684E-15
        8060.0000     0.152668E-15
        8100.0000     0.149763E-15
        8140.0000     0.146590E-15
        8180.0000     0.144015E-15
        8220.0000     0.141341E-15
        8260.0000     0.138685E-15
        8300.0000     0.136072E-15
        8340.0000     0.133476E-15
        8380.0000     0.131005E-15
        8420.0000     0.128602E-15
        8460.0000     0.126238E-15
        8500.0000     0.123913E-15
        8540.0000     0.121652E-15
        8580.0000     0.119428E-15
        8620.0000     0.117266E-15
        8660.0000     0.114806E-15
        8700.0000     0.113095E-15
        8740.0000     0.110658E-15
        8780.0000     0.108658E-15
        8820.0000     0.107158E-15
        8860.0000     0.105266E-15
        8900.0000     0.103427E-15
        8940.0000     0.101617E-15
        8980.0000     0.998352E-16
        9020.0000     0.981043E-16
        9060.0000     0.964234E-16
        9100.0000     0.947451E-16
        9140.0000     0.931382E-16
        9180.0000     0.915557E-16
        9220.0000     0.900196E-16
        9260.0000     0.884842E-16
        9300.0000     0.869941E-16
        9340.0000     0.855481E-16
        9380.0000     0.837753E-16
        9420.0000     0.826984E-16
        9460.0000     0.813586E-16
        9500.0000     0.800171E-16
        9540.0000     0.786952E-16
        9580.0000     0.774134E-16
        9620.0000     0.761502E-16
        9660.0000     0.749257E-16
        9700.0000     0.737188E-16
        9740.0000     0.725090E-16
        9780.0000     0.713565E-16
        9820.0000     0.702203E-16
        9860.0000     0.691002E-16
        9900.0000     0.680154E-16
        9940.0000     0.669458E-16
        9980.0000     0.658911E-16
       10020.0000     0.648510E-16
       20000.0000     0.419533E-17
       40000.0000     0.263196E-18
       60000.0000     0.517322E-19
       80000.0000     0.162717E-19
      100000.0000     0.662980E-20
      120000.0000     0.318106E-20
      140000.0000     0.170984E-20
      160000.0000     0.997905E-21
