#FILENAME  G   BP   RP  V  g  r
# FT7000G450M200K200A040.DAT     3.94773    4.11268    3.64972    4.05068    4.16269    4.02721
           9.0900     0.000000E+00
           9.3500     0.000000E+00
           9.6100     0.000000E+00
           9.7700     0.000000E+00
           9.9600     0.000000E+00
          10.2000     0.000000E+00
          10.3800     0.000000E+00
          10.5600     0.000000E+00
          10.7700     0.000000E+00
          11.0400     0.000000E+00
          11.4000     0.000000E+00
          11.7800     0.000000E+00
          12.1300     0.000000E+00
          12.4800     0.000000E+00
          12.7100     0.000000E+00
          12.8400     0.000000E+00
          13.0500     0.000000E+00
          13.2400     0.000000E+00
          13.3900     0.000000E+00
          13.6600     0.000000E+00
          13.9800     0.000000E+00
          14.3300     0.000000E+00
          14.7200     0.000000E+00
          15.1000     0.000000E+00
          15.5200     0.000000E+00
          15.8800     0.000000E+00
          16.2000     0.000000E+00
          16.6000     0.000000E+00
          17.0300     0.000000E+00
          17.3400     0.000000E+00
          17.6800     0.000000E+00
          18.0200     0.000000E+00
          18.1700     0.000000E+00
          18.6100     0.000000E+00
          19.1000     0.000000E+00
          19.3900     0.000000E+00
          19.8400     0.000000E+00
          20.1800     0.000000E+00
          20.5000     0.000000E+00
          21.0500     0.000000E+00
          21.6200     0.000000E+00
          21.9800     0.000000E+00
          22.3000     0.000000E+00
          22.6800     0.000000E+00
          23.0000     0.000000E+00
          23.4000     0.000000E+00
          24.0000     0.000000E+00
          24.6500     0.000000E+00
          25.2400     0.000000E+00
          25.6800     0.000000E+00
          26.0000     0.000000E+00
          26.4000     0.000000E+00
          26.8500     0.000000E+00
          27.3500     0.000000E+00
          27.8500     0.000000E+00
          28.4000     0.000000E+00
          29.0000     0.000000E+00
          29.6000     0.000000E+00
          30.1000     0.000000E+00
          30.8000     0.000000E+00
          31.8000     0.000000E+00
          32.8000     0.000000E+00
          33.8000     0.000000E+00
          34.8000     0.000000E+00
          35.7000     0.000000E+00
          36.6000     0.000000E+00
          37.5000     0.000000E+00
          38.5000     0.000000E+00
          39.5000     0.000000E+00
          40.5000     0.000000E+00
          41.4000     0.203685E-37
          42.2000     0.670694E-37
          43.0000     0.210559E-36
          44.1000     0.944902E-36
          45.1000     0.345436E-35
          46.0000     0.105344E-34
          47.0000     0.344773E-34
          48.0000     0.106972E-33
          49.0000     0.315927E-33
          50.0000     0.889336E-33
          50.6000     0.213241E-32
          51.2000     0.430205E-32
          52.0000     0.915017E-32
          53.0000     0.228384E-31
          54.0000     0.540947E-31
          55.0000     0.125347E-30
          56.0000     0.279376E-30
          57.0000     0.603565E-30
          58.0000     0.125353E-29
          59.0000     0.258784E-29
          60.0000     0.514609E-29
          61.0000     0.998425E-29
          62.0000     0.189111E-28
          63.0000     0.350243E-28
          64.0000     0.635379E-28
          65.0000     0.112907E-27
          65.8000     0.176391E-27
          66.5000     0.258007E-27
          67.5000     0.437539E-27
          68.5000     0.729318E-27
          69.5000     0.119534E-26
          70.5000     0.192880E-26
          71.6000     0.320841E-26
          72.6000     0.501758E-26
          73.5000     0.742293E-26
          74.5000     0.113205E-25
          75.5000     0.170497E-25
          76.5000     0.253667E-25
          77.5000     0.373040E-25
          78.5000     0.542287E-25
          79.5000     0.779613E-25
          80.5000     0.111026E-24
          81.5000     0.156465E-24
          82.5000     0.218450E-24
          83.5000     0.302130E-24
          84.5000     0.414370E-24
          85.5000     0.563222E-24
          86.5000     0.759379E-24
          87.5000     0.101576E-23
          88.5000     0.134820E-23
          89.5000     0.177654E-23
          90.5000     0.232391E-23
          91.5000     0.420185E-20
          92.5000     0.309984E-19
          93.5000     0.510833E-19
          94.5000     0.838468E-19
          95.5000     0.116872E-18
          96.5000     0.154275E-18
          97.5000     0.143149E-18
          98.5000     0.256001E-18
          99.5000     0.317034E-18
         100.5000     0.397784E-18
         101.5000     0.427904E-18
         102.5000     0.372204E-18
         103.5000     0.669848E-18
         104.5000     0.938023E-18
         105.5000     0.110270E-17
         106.5000     0.138516E-17
         107.5000     0.169690E-17
         108.5000     0.210498E-17
         109.5000     0.245003E-17
         110.5000     0.353668E-17
         111.5000     0.490452E-17
         112.5000     0.573163E-17
         113.5000     0.729454E-17
         114.5000     0.847647E-17
         115.5000     0.914283E-17
         116.5000     0.104723E-16
         117.5000     0.111493E-16
         118.5000     0.127948E-16
         119.5000     0.866304E-17
         120.5000     0.582805E-17
         121.5000     0.206521E-17
         122.5000     0.680315E-17
         123.5000     0.155816E-16
         124.5000     0.160489E-16
         125.5000     0.272111E-16
         126.5000     0.386660E-16
         127.5000     0.499717E-16
         128.5000     0.652248E-16
         129.5000     0.784838E-16
         130.5000     0.931071E-16
         131.5000     0.110479E-15
         132.5000     0.129586E-15
         133.5000     0.148497E-15
         134.5000     0.173397E-15
         135.5000     0.193898E-15
         136.5000     0.225807E-15
         137.5000     0.253226E-15
         138.5000     0.281928E-15
         139.5000     0.316476E-15
         140.5000     0.347299E-15
         141.5000     0.398934E-15
         142.5000     0.430983E-15
         143.5000     0.471961E-15
         144.2000     0.524858E-15
         144.7000     0.533035E-15
         145.5000     0.591958E-15
         146.5000     0.625216E-15
         147.5000     0.696075E-15
         148.5000     0.757333E-15
         149.5000     0.840372E-15
         150.5000     0.925795E-15
         151.2000     0.985093E-15
         151.7000     0.100274E-14
         152.5000     0.109189E-14
         153.5000     0.119637E-14
         154.5000     0.127961E-14
         155.5000     0.135111E-14
         156.5000     0.136361E-14
         157.5000     0.152854E-14
         158.5000     0.163585E-14
         159.5000     0.177198E-14
         160.5000     0.188304E-14
         161.5000     0.208887E-14
         162.5000     0.231271E-14
         163.5000     0.271505E-14
         164.5000     0.345493E-14
         165.5000     0.405863E-14
         166.5000     0.980920E-14
         167.2000     0.146662E-13
         167.7000     0.265634E-13
         168.5000     0.503775E-13
         169.5000     0.769868E-13
         170.5000     0.131619E-12
         171.5000     0.193376E-12
         172.5000     0.229947E-12
         173.5000     0.287422E-12
         174.5000     0.295961E-12
         175.5000     0.344514E-12
         176.5000     0.287878E-12
         177.5000     0.348951E-12
         178.5000     0.372699E-12
         179.5000     0.410817E-12
         180.5000     0.381414E-12
         181.5000     0.395011E-12
         182.5000     0.373445E-12
         183.5000     0.406865E-12
         184.5000     0.352903E-12
         185.5000     0.390793E-12
         186.5000     0.428787E-12
         187.5000     0.428747E-12
         188.5000     0.438815E-12
         189.5000     0.458621E-12
         190.5000     0.438515E-12
         191.5000     0.479170E-12
         192.5000     0.500199E-12
         193.5000     0.463741E-12
         194.5000     0.516845E-12
         195.5000     0.520089E-12
         196.7000     0.550884E-12
         197.6000     0.534596E-12
         198.4000     0.531754E-12
         199.5000     0.537935E-12
         200.5000     0.516862E-12
         201.5000     0.535327E-12
         202.5000     0.490357E-12
         203.5000     0.558614E-12
         204.5000     0.585218E-12
         205.5000     0.575455E-12
         206.5000     0.576182E-12
         207.4000     0.621500E-12
         207.8000     0.619110E-12
         208.5000     0.613638E-12
         209.5000     0.603867E-12
         210.5000     0.592525E-12
         211.5000     0.611765E-12
         212.5000     0.613231E-12
         213.5000     0.576410E-12
         214.5000     0.627238E-12
         215.5000     0.615244E-12
         216.5000     0.588738E-12
         217.5000     0.593457E-12
         218.5000     0.625742E-12
         219.5000     0.664570E-12
         220.5000     0.646740E-12
         221.5000     0.608906E-12
         222.5000     0.639807E-12
         223.5000     0.698117E-12
         224.5000     0.659995E-12
         225.5000     0.631182E-12
         226.5000     0.606957E-12
         227.5000     0.654543E-12
         228.5000     0.669000E-12
         229.5000     0.633732E-12
         230.5000     0.665010E-12
         231.5000     0.677144E-12
         232.5000     0.671331E-12
         233.5000     0.662783E-12
         234.5000     0.595503E-12
         235.5000     0.694390E-12
         236.5000     0.630668E-12
         237.5000     0.673917E-12
         238.5000     0.584449E-12
         239.5000     0.648687E-12
         240.5000     0.640986E-12
         241.5000     0.641599E-12
         242.5000     0.700471E-12
         243.5000     0.678581E-12
         244.5000     0.701232E-12
         245.5000     0.699026E-12
         246.5000     0.700930E-12
         247.5000     0.671518E-12
         248.5000     0.671086E-12
         249.5000     0.658642E-12
         250.5000     0.730604E-12
         251.3000     0.671377E-12
         251.8000     0.636697E-12
         252.5000     0.619355E-12
         253.5000     0.615968E-12
         254.5000     0.609067E-12
         255.5000     0.669433E-12
         256.5000     0.680815E-12
         257.5000     0.732433E-12
         258.5000     0.746839E-12
         259.5000     0.742231E-12
         260.5000     0.720740E-12
         261.5000     0.702637E-12
         262.5000     0.750653E-12
         263.5000     0.757102E-12
         264.5000     0.833234E-12
         265.5000     0.840280E-12
         266.5000     0.793811E-12
         267.5000     0.817325E-12
         268.5000     0.844453E-12
         269.5000     0.798911E-12
         270.5000     0.807410E-12
         271.5000     0.767959E-12
         272.5000     0.773939E-12
         273.5000     0.798499E-12
         274.5000     0.718734E-12
         275.5000     0.748344E-12
         276.5000     0.790533E-12
         277.5000     0.813942E-12
         278.5000     0.785886E-12
         279.5000     0.495178E-12
         280.5000     0.585847E-12
         281.5000     0.853808E-12
         282.5000     0.851134E-12
         283.5000     0.838707E-12
         284.5000     0.814603E-12
         285.5000     0.718219E-12
         286.5000     0.824267E-12
         287.5000     0.822250E-12
         288.5000     0.836577E-12
         289.5000     0.846802E-12
         291.0000     0.880610E-12
         293.0000     0.859929E-12
         295.0000     0.850729E-12
         297.0000     0.859500E-12
         299.0000     0.860893E-12
         301.0000     0.859848E-12
         303.0000     0.866472E-12
         305.0000     0.870997E-12
         307.0000     0.871877E-12
         309.0000     0.873062E-12
         311.0000     0.871373E-12
         313.0000     0.878452E-12
         315.0000     0.886053E-12
         317.0000     0.886723E-12
         319.0000     0.858138E-12
         321.0000     0.866620E-12
         323.0000     0.846193E-12
         325.0000     0.868807E-12
         327.0000     0.885793E-12
         329.0000     0.893633E-12
         331.0000     0.895801E-12
         333.0000     0.880928E-12
         335.0000     0.873000E-12
         337.0000     0.871775E-12
         339.0000     0.868851E-12
         341.0000     0.876310E-12
         343.0000     0.880119E-12
         345.0000     0.869784E-12
         347.0000     0.868852E-12
         349.0000     0.872915E-12
         351.0000     0.878540E-12
         353.0000     0.873684E-12
         355.0000     0.883318E-12
         357.0000     0.863532E-12
         359.0000     0.860326E-12
         361.0000     0.862282E-12
         363.0000     0.867921E-12
         364.0000     0.867061E-12
         365.0000     0.876260E-12
         367.0000     0.879389E-12
         369.0000     0.846817E-12
         371.0000     0.852459E-12
         373.0000     0.825586E-12
         375.0000     0.943586E-12
         377.0000     0.969711E-12
         379.0000     0.107816E-11
         381.0000     0.118494E-11
         383.0000     0.998836E-12
         385.0000     0.124895E-11
         387.0000     0.131189E-11
         389.0000     0.974083E-12
         391.0000     0.131024E-11
         393.0000     0.123358E-11
         395.0000     0.131821E-11
         397.0000     0.934248E-12
         399.0000     0.130514E-11
         401.0000     0.136004E-11
         403.0000     0.135718E-11
         405.0000     0.134848E-11
         407.0000     0.131677E-11
         409.0000     0.119516E-11
         411.0000     0.100659E-11
         413.0000     0.130012E-11
         415.0000     0.131541E-11
         417.0000     0.131934E-11
         419.0000     0.130569E-11
         421.0000     0.129763E-11
         423.0000     0.128111E-11
         425.0000     0.128287E-11
         427.0000     0.127193E-11
         429.0000     0.126322E-11
         431.0000     0.122368E-11
         433.0000     0.108984E-11
         435.0000     0.976208E-12
         437.0000     0.122441E-11
         439.0000     0.122918E-11
         441.0000     0.122593E-11
         443.0000     0.122855E-11
         445.0000     0.121946E-11
         447.0000     0.121528E-11
         449.0000     0.121208E-11
         451.0000     0.120794E-11
         453.0000     0.119450E-11
         455.0000     0.118680E-11
         457.0000     0.118652E-11
         459.0000     0.117893E-11
         461.0000     0.117503E-11
         463.0000     0.116669E-11
         465.0000     0.116110E-11
         467.0000     0.115557E-11
         469.0000     0.114748E-11
         471.0000     0.113602E-11
         473.0000     0.113414E-11
         475.0000     0.112716E-11
         477.0000     0.111857E-11
         479.0000     0.111008E-11
         481.0000     0.109921E-11
         483.0000     0.107699E-11
         485.0000     0.965550E-12
         487.0000     0.834096E-12
         489.0000     0.104592E-11
         491.0000     0.106443E-11
         493.0000     0.105581E-11
         495.0000     0.105589E-11
         497.0000     0.105516E-11
         499.0000     0.104672E-11
         501.0000     0.103609E-11
         503.0000     0.103619E-11
         505.0000     0.102800E-11
         507.0000     0.102438E-11
         509.0000     0.101782E-11
         511.0000     0.101207E-11
         513.0000     0.100492E-11
         515.0000     0.997132E-12
         517.0000     0.975103E-12
         519.0000     0.973290E-12
         521.0000     0.976414E-12
         523.0000     0.969661E-12
         525.0000     0.969930E-12
         527.0000     0.954307E-12
         529.0000     0.957370E-12
         531.0000     0.951530E-12
         533.0000     0.939684E-12
         535.0000     0.940031E-12
         537.0000     0.932378E-12
         539.0000     0.926790E-12
         541.0000     0.918641E-12
         543.0000     0.915134E-12
         545.0000     0.909075E-12
         547.0000     0.905639E-12
         549.0000     0.900324E-12
         551.0000     0.895061E-12
         553.0000     0.889225E-12
         555.0000     0.884693E-12
         557.0000     0.878351E-12
         559.0000     0.871464E-12
         561.0000     0.867087E-12
         563.0000     0.863354E-12
         565.0000     0.857852E-12
         567.0000     0.852407E-12
         569.0000     0.847608E-12
         571.0000     0.841681E-12
         573.0000     0.837565E-12
         575.0000     0.831749E-12
         577.0000     0.827143E-12
         579.0000     0.822010E-12
         581.0000     0.816928E-12
         583.0000     0.811896E-12
         585.0000     0.806914E-12
         587.0000     0.801980E-12
         589.0000     0.791575E-12
         591.0000     0.792257E-12
         593.0000     0.787467E-12
         595.0000     0.782723E-12
         597.0000     0.777487E-12
         599.0000     0.772838E-12
         601.0000     0.768233E-12
         603.0000     0.763145E-12
         605.0000     0.759154E-12
         607.0000     0.754160E-12
         609.0000     0.749731E-12
         611.0000     0.744831E-12
         613.0000     0.738959E-12
         615.0000     0.735174E-12
         617.0000     0.729409E-12
         619.0000     0.727202E-12
         621.0000     0.722526E-12
         623.0000     0.717894E-12
         625.0000     0.712817E-12
         627.0000     0.709738E-12
         629.0000     0.705232E-12
         631.0000     0.700768E-12
         633.0000     0.696347E-12
         635.0000     0.692442E-12
         637.0000     0.688101E-12
         639.0000     0.683800E-12
         641.0000     0.679074E-12
         643.0000     0.675319E-12
         645.0000     0.670217E-12
         647.0000     0.665165E-12
         649.0000     0.659708E-12
         651.0000     0.654305E-12
         653.0000     0.643117E-12
         655.0000     0.597237E-12
         657.0000     0.506207E-12
         659.0000     0.621759E-12
         661.0000     0.632904E-12
         663.0000     0.633012E-12
         665.0000     0.630509E-12
         667.0000     0.628025E-12
         669.0000     0.624704E-12
         671.0000     0.620985E-12
         673.0000     0.617300E-12
         675.0000     0.613227E-12
         677.0000     0.609609E-12
         679.0000     0.606023E-12
         681.0000     0.602469E-12
         683.0000     0.598946E-12
         685.0000     0.595045E-12
         687.0000     0.591586E-12
         689.0000     0.588156E-12
         691.0000     0.584756E-12
         693.0000     0.581386E-12
         695.0000     0.577648E-12
         697.0000     0.574338E-12
         699.0000     0.571056E-12
         701.0000     0.567412E-12
         703.0000     0.564189E-12
         705.0000     0.560992E-12
         707.0000     0.557439E-12
         709.0000     0.554299E-12
         711.0000     0.550806E-12
         713.0000     0.547720E-12
         715.0000     0.544286E-12
         717.0000     0.540881E-12
         719.0000     0.537876E-12
         721.0000     0.534528E-12
         723.0000     0.531575E-12
         725.0000     0.528646E-12
         727.0000     0.525379E-12
         729.0000     0.522140E-12
         731.0000     0.519287E-12
         733.0000     0.516100E-12
         735.0000     0.513295E-12
         737.0000     0.510161E-12
         739.0000     0.507052E-12
         741.0000     0.503970E-12
         743.0000     0.501261E-12
         745.0000     0.498228E-12
         747.0000     0.495564E-12
         749.0000     0.492579E-12
         751.0000     0.489620E-12
         753.0000     0.487022E-12
         755.0000     0.484109E-12
         757.0000     0.481221E-12
         759.0000     0.478355E-12
         761.0000     0.475844E-12
         763.0000     0.473024E-12
         765.0000     0.470227E-12
         767.0000     0.467452E-12
         769.0000     0.464700E-12
         771.0000     0.461970E-12
         773.0000     0.459583E-12
         775.0000     0.456576E-12
         777.0000     0.453277E-12
         779.0000     0.451584E-12
         781.0000     0.448960E-12
         783.0000     0.446357E-12
         785.0000     0.443774E-12
         787.0000     0.441213E-12
         789.0000     0.438671E-12
         791.0000     0.436456E-12
         793.0000     0.433648E-12
         795.0000     0.431166E-12
         797.0000     0.429004E-12
         799.0000     0.426559E-12
         801.0000     0.424133E-12
         803.0000     0.421726E-12
         805.0000     0.419338E-12
         807.0000     0.416968E-12
         809.0000     0.414616E-12
         811.0000     0.412283E-12
         813.0000     0.409967E-12
         815.0000     0.407669E-12
         817.0000     0.405389E-12
         819.0000     0.402555E-12
         821.0000     0.400596E-12
         823.0000     0.398368E-12
         825.0000     0.396158E-12
         827.0000     0.394244E-12
         829.0000     0.392065E-12
         831.0000     0.389903E-12
         833.0000     0.387205E-12
         835.0000     0.385627E-12
         837.0000     0.383513E-12
         839.0000     0.381143E-12
         841.0000     0.379061E-12
         843.0000     0.376995E-12
         845.0000     0.374676E-12
         847.0000     0.371575E-12
         849.0000     0.371154E-12
         851.0000     0.363330E-12
         853.0000     0.367418E-12
         855.0000     0.352341E-12
         857.0000     0.364518E-12
         859.0000     0.357892E-12
         861.0000     0.354164E-12
         863.0000     0.359724E-12
         865.0000     0.355247E-12
         867.0000     0.333484E-12
         869.0000     0.352999E-12
         871.0000     0.353399E-12
         873.0000     0.349018E-12
         875.0000     0.324412E-12
         877.0000     0.342604E-12
         879.0000     0.346500E-12
         881.0000     0.344435E-12
         883.0000     0.342385E-12
         885.0000     0.331793E-12
         887.0000     0.309122E-12
         889.0000     0.334629E-12
         891.0000     0.336264E-12
         893.0000     0.335240E-12
         895.0000     0.333744E-12
         897.0000     0.331305E-12
         899.0000     0.326041E-12
         901.0000     0.296524E-12
         903.0000     0.310947E-12
         905.0000     0.322434E-12
         907.0000     0.322410E-12
         909.0000     0.320761E-12
         911.0000     0.320508E-12
         913.0000     0.319335E-12
         915.0000     0.317026E-12
         917.0000     0.314961E-12
         919.0000     0.311778E-12
         921.0000     0.304330E-12
         923.0000     0.271092E-12
         925.0000     0.298794E-12
         927.0000     0.304860E-12
         929.0000     0.305102E-12
         931.0000     0.304234E-12
         933.0000     0.303151E-12
         935.0000     0.301637E-12
         937.0000     0.299914E-12
         939.0000     0.298421E-12
         941.0000     0.295640E-12
         943.0000     0.295248E-12
         945.0000     0.293571E-12
         947.0000     0.291692E-12
         949.0000     0.289613E-12
         951.0000     0.286279E-12
         953.0000     0.277698E-12
         955.0000     0.247140E-12
         957.0000     0.276636E-12
         959.0000     0.280898E-12
         961.0000     0.280767E-12
         963.0000     0.279808E-12
         965.0000     0.278855E-12
         967.0000     0.277293E-12
         969.0000     0.276150E-12
         971.0000     0.274810E-12
         973.0000     0.273479E-12
         975.0000     0.271956E-12
         977.0000     0.270643E-12
         979.0000     0.269338E-12
         981.0000     0.267843E-12
         983.0000     0.266556E-12
         985.0000     0.265080E-12
         987.0000     0.263810E-12
         989.0000     0.262353E-12
         991.0000     0.261100E-12
         993.0000     0.259855E-12
         995.0000     0.258618E-12
         997.0000     0.256618E-12
         999.0000     0.254824E-12
        1002.5000     0.244664E-12
        1007.5000     0.236016E-12
        1012.5000     0.246580E-12
        1017.5000     0.244347E-12
        1022.5000     0.241414E-12
        1027.5000     0.238526E-12
        1032.5000     0.235503E-12
        1037.5000     0.232705E-12
        1042.5000     0.229949E-12
        1047.5000     0.226887E-12
        1052.5000     0.224390E-12
        1057.5000     0.221588E-12
        1062.5000     0.218829E-12
        1067.5000     0.215608E-12
        1072.5000     0.213602E-12
        1077.5000     0.211129E-12
        1082.5000     0.208040E-12
        1087.5000     0.204674E-12
        1092.5000     0.186760E-12
        1097.5000     0.195873E-12
        1102.5000     0.198354E-12
        1107.5000     0.196880E-12
        1112.5000     0.194650E-12
        1117.5000     0.192299E-12
        1122.5000     0.190133E-12
        1127.5000     0.187848E-12
        1132.5000     0.185745E-12
        1137.5000     0.183672E-12
        1142.5000     0.181628E-12
        1147.5000     0.179612E-12
        1152.5000     0.177624E-12
        1157.5000     0.175521E-12
        1162.5000     0.173590E-12
        1167.5000     0.171544E-12
        1172.5000     0.169805E-12
        1177.5000     0.167538E-12
        1182.5000     0.165576E-12
        1187.5000     0.164049E-12
        1192.5000     0.162407E-12
        1197.5000     0.159985E-12
        1202.5000     0.158657E-12
        1207.5000     0.156821E-12
        1212.5000     0.155400E-12
        1217.5000     0.153738E-12
        1222.5000     0.152099E-12
        1227.5000     0.150354E-12
        1232.5000     0.148758E-12
        1237.5000     0.147184E-12
        1242.5000     0.145629E-12
        1247.5000     0.144095E-12
        1252.5000     0.142581E-12
        1257.5000     0.141086E-12
        1262.5000     0.139490E-12
        1267.5000     0.137915E-12
        1272.5000     0.135887E-12
        1277.5000     0.132009E-12
        1282.5000     0.118058E-12
        1287.5000     0.129967E-12
        1292.5000     0.130453E-12
        1297.5000     0.129563E-12
        1302.5000     0.128345E-12
        1307.5000     0.127029E-12
        1312.5000     0.125730E-12
        1317.5000     0.124446E-12
        1322.5000     0.123178E-12
        1327.5000     0.121926E-12
        1332.5000     0.120689E-12
        1337.5000     0.119468E-12
        1342.5000     0.118261E-12
        1347.5000     0.117068E-12
        1352.5000     0.115890E-12
        1357.5000     0.114830E-12
        1362.5000     0.113679E-12
        1367.5000     0.112542E-12
        1372.5000     0.111317E-12
        1377.5000     0.110309E-12
        1382.5000     0.109212E-12
        1387.5000     0.108128E-12
        1392.5000     0.107056E-12
        1397.5000     0.105997E-12
        1402.5000     0.104951E-12
        1407.5000     0.103917E-12
        1412.5000     0.102894E-12
        1417.5000     0.101979E-12
        1422.5000     0.100885E-12
        1427.5000     0.998975E-13
        1432.5000     0.990147E-13
        1437.5000     0.980491E-13
        1442.5000     0.969103E-13
        1447.5000     0.961506E-13
        1452.5000     0.951267E-13
        1457.0000     0.943596E-13
        1462.0000     0.934465E-13
        1467.5000     0.924806E-13
        1472.5000     0.915886E-13
        1477.5000     0.907943E-13
        1482.5000     0.899215E-13
        1487.5000     0.887122E-13
        1492.5000     0.882048E-13
        1497.5000     0.873606E-13
        1502.5000     0.861863E-13
        1507.5000     0.856155E-13
        1512.5000     0.848830E-13
        1517.5000     0.840751E-13
        1522.5000     0.832759E-13
        1527.5000     0.824854E-13
        1532.5000     0.816219E-13
        1537.5000     0.809136E-13
        1542.5000     0.799553E-13
        1547.5000     0.793675E-13
        1552.5000     0.785870E-13
        1557.5000     0.774437E-13
        1562.5000     0.772784E-13
        1567.5000     0.760613E-13
        1572.5000     0.749201E-13
        1577.5000     0.749461E-13
        1582.5000     0.742744E-13
        1587.5000     0.716416E-13
        1592.5000     0.724837E-13
        1597.5000     0.723909E-13
        1605.0000     0.708016E-13
        1615.0000     0.681506E-13
        1625.0000     0.688011E-13
        1635.0000     0.662500E-13
        1645.0000     0.632107E-13
        1655.0000     0.647144E-13
        1665.0000     0.633936E-13
        1675.0000     0.604070E-13
        1685.0000     0.572640E-13
        1695.0000     0.594098E-13
        1705.0000     0.583790E-13
        1715.0000     0.571272E-13
        1725.0000     0.555400E-13
        1735.0000     0.502767E-13
        1745.0000     0.527585E-13
        1755.0000     0.525196E-13
        1765.0000     0.515942E-13
        1775.0000     0.505708E-13
        1785.0000     0.495430E-13
        1795.0000     0.484814E-13
        1805.0000     0.471992E-13
        1815.0000     0.427391E-13
        1825.0000     0.444627E-13
        1835.0000     0.446050E-13
        1845.0000     0.438077E-13
        1855.0000     0.429193E-13
        1865.0000     0.417005E-13
        1875.0000     0.373240E-13
        1885.0000     0.399687E-13
        1895.0000     0.396600E-13
        1905.0000     0.390495E-13
        1915.0000     0.383085E-13
        1925.0000     0.374774E-13
        1935.0000     0.363853E-13
        1945.0000     0.328685E-13
        1955.0000     0.350333E-13
        1965.0000     0.347669E-13
        1975.0000     0.341850E-13
        1985.0000     0.335741E-13
        1995.0000     0.329545E-13
        2005.0000     0.323551E-13
        2015.0000     0.317706E-13
        2025.0000     0.311914E-13
        2035.0000     0.306220E-13
        2045.0000     0.300806E-13
        2055.0000     0.295437E-13
        2065.0000     0.290067E-13
        2075.0000     0.285010E-13
        2085.0000     0.279992E-13
        2095.0000     0.275056E-13
        2105.0000     0.270288E-13
        2115.0000     0.265555E-13
        2125.0000     0.260941E-13
        2135.0000     0.256444E-13
        2145.0000     0.251519E-13
        2155.0000     0.245149E-13
        2165.0000     0.222707E-13
        2175.0000     0.235480E-13
        2185.0000     0.234573E-13
        2195.0000     0.231407E-13
        2205.0000     0.227462E-13
        2215.0000     0.223695E-13
        2225.0000     0.219987E-13
        2235.0000     0.216374E-13
        2245.0000     0.212779E-13
        2255.0000     0.209239E-13
        2265.0000     0.205865E-13
        2275.0000     0.202505E-13
        2285.0000     0.199196E-13
        2295.0000     0.196010E-13
        2305.0000     0.192907E-13
        2315.0000     0.189815E-13
        2325.0000     0.186804E-13
        2335.0000     0.183837E-13
        2345.0000     0.180949E-13
        2355.0000     0.178104E-13
        2365.0000     0.175300E-13
        2375.0000     0.172570E-13
        2385.0000     0.169847E-13
        2395.0000     0.167230E-13
        2405.0000     0.164650E-13
        2415.0000     0.162107E-13
        2425.0000     0.159633E-13
        2435.0000     0.157162E-13
        2445.0000     0.154758E-13
        2455.0000     0.152419E-13
        2465.0000     0.150082E-13
        2475.0000     0.147809E-13
        2485.0000     0.145598E-13
        2495.0000     0.143203E-13
        2505.0000     0.141391E-13
        2515.0000     0.139300E-13
        2525.0000     0.136727E-13
        2535.0000     0.135173E-13
        2545.0000     0.133315E-13
        2555.0000     0.131188E-13
        2565.0000     0.128450E-13
        2575.0000     0.127454E-13
        2585.0000     0.125696E-13
        2595.0000     0.123847E-13
        2605.0000     0.121487E-13
        2615.0000     0.117956E-13
        2625.0000     0.109972E-13
        2635.0000     0.115565E-13
        2645.0000     0.115158E-13
        2655.0000     0.113667E-13
        2665.0000     0.111737E-13
        2675.0000     0.108147E-13
        2685.0000     0.108698E-13
        2695.0000     0.107655E-13
        2705.0000     0.106285E-13
        2715.0000     0.104828E-13
        2725.0000     0.103364E-13
        2735.0000     0.101918E-13
        2745.0000     0.100135E-13
        2755.0000     0.962049E-14
        2765.0000     0.965122E-14
        2775.0000     0.962904E-14
        2785.0000     0.952051E-14
        2795.0000     0.939122E-14
        2805.0000     0.926596E-14
        2815.0000     0.914225E-14
        2825.0000     0.902005E-14
        2835.0000     0.889934E-14
        2845.0000     0.878247E-14
        2855.0000     0.864588E-14
        2865.0000     0.845031E-14
        2875.0000     0.809275E-14
        2885.0000     0.828294E-14
        2895.0000     0.821439E-14
        2905.0000     0.811482E-14
        2915.0000     0.800965E-14
        2925.0000     0.790574E-14
        2935.0000     0.780527E-14
        2945.0000     0.770378E-14
        2955.0000     0.760567E-14
        2965.0000     0.750871E-14
        2975.0000     0.741288E-14
        2985.0000     0.732031E-14
        2995.0000     0.722668E-14
        3005.0000     0.713624E-14
        3015.0000     0.704474E-14
        3025.0000     0.692918E-14
        3035.0000     0.660501E-14
        3045.0000     0.663398E-14
        3055.0000     0.668091E-14
        3065.0000     0.661904E-14
        3075.0000     0.653758E-14
        3085.0000     0.645703E-14
        3095.0000     0.637939E-14
        3105.0000     0.630062E-14
        3115.0000     0.622076E-14
        3125.0000     0.614768E-14
        3135.0000     0.607345E-14
        3145.0000     0.600197E-14
        3155.0000     0.592743E-14
        3165.0000     0.585753E-14
        3175.0000     0.578840E-14
        3185.0000     0.571813E-14
        3195.0000     0.565050E-14
        3210.0000     0.555135E-14
        3230.0000     0.542224E-14
        3250.0000     0.529588E-14
        3270.0000     0.516862E-14
        3290.0000     0.489366E-14
        3310.0000     0.490112E-14
        3330.0000     0.482688E-14
        3350.0000     0.472335E-14
        3370.0000     0.461686E-14
        3390.0000     0.451256E-14
        3410.0000     0.441202E-14
        3430.0000     0.431514E-14
        3450.0000     0.422181E-14
        3470.0000     0.412876E-14
        3490.0000     0.403912E-14
        3510.0000     0.395125E-14
        3530.0000     0.386665E-14
        3550.0000     0.378369E-14
        3570.0000     0.370235E-14
        3590.0000     0.362407E-14
        3610.0000     0.354876E-14
        3630.0000     0.347343E-14
        3650.0000     0.340097E-14
        3670.0000     0.333130E-14
        3690.0000     0.325872E-14
        3710.0000     0.319307E-14
        3730.0000     0.308597E-14
        3750.0000     0.299867E-14
        3770.0000     0.300197E-14
        3790.0000     0.294370E-14
        3810.0000     0.288122E-14
        3830.0000     0.282510E-14
        3850.0000     0.277127E-14
        3870.0000     0.271713E-14
        3890.0000     0.266269E-14
        3910.0000     0.260170E-14
        3930.0000     0.256164E-14
        3950.0000     0.251122E-14
        3970.0000     0.246290E-14
        3990.0000     0.241541E-14
        4010.0000     0.236280E-14
        4030.0000     0.231346E-14
        4050.0000     0.222179E-14
        4070.0000     0.223584E-14
        4090.0000     0.219686E-14
        4110.0000     0.215626E-14
        4130.0000     0.211634E-14
        4150.0000     0.207597E-14
        4170.0000     0.201866E-14
        4190.0000     0.200053E-14
        4210.0000     0.196428E-14
        4230.0000     0.192969E-14
        4250.0000     0.189461E-14
        4270.0000     0.186115E-14
        4290.0000     0.182719E-14
        4310.0000     0.179481E-14
        4330.0000     0.176294E-14
        4350.0000     0.173260E-14
        4370.0000     0.168168E-14
        4390.0000     0.166739E-14
        4410.0000     0.164245E-14
        4430.0000     0.161497E-14
        4450.0000     0.158695E-14
        4470.0000     0.156032E-14
        4490.0000     0.153410E-14
        4510.0000     0.150734E-14
        4530.0000     0.148193E-14
        4550.0000     0.145691E-14
        4570.0000     0.143226E-14
        4590.0000     0.140890E-14
        4610.0000     0.138499E-14
        4630.0000     0.136054E-14
        4650.0000     0.130369E-14
        4670.0000     0.129343E-14
        4690.0000     0.129374E-14
        4710.0000     0.127501E-14
        4730.0000     0.125397E-14
        4750.0000     0.123410E-14
        4770.0000     0.121367E-14
        4790.0000     0.119438E-14
        4810.0000     0.117536E-14
        4830.0000     0.115662E-14
        4850.0000     0.113814E-14
        4870.0000     0.111993E-14
        4890.0000     0.110278E-14
        4910.0000     0.108508E-14
        4930.0000     0.106841E-14
        4950.0000     0.105198E-14
        4970.0000     0.103500E-14
        4990.0000     0.101980E-14
        5010.0000     0.100405E-14
        5030.0000     0.988509E-15
        5050.0000     0.973186E-15
        5070.0000     0.958818E-15
        5090.0000     0.943906E-15
        5110.0000     0.928465E-15
        5130.0000     0.897954E-15
        5150.0000     0.901101E-15
        5170.0000     0.888411E-15
        5190.0000     0.875179E-15
        5210.0000     0.862123E-15
        5230.0000     0.849941E-15
        5250.0000     0.837225E-15
        5270.0000     0.824676E-15
        5290.0000     0.812978E-15
        5310.0000     0.801432E-15
        5330.0000     0.789362E-15
        5350.0000     0.778118E-15
        5370.0000     0.767020E-15
        5390.0000     0.756065E-15
        5410.0000     0.745251E-15
        5430.0000     0.734575E-15
        5450.0000     0.724036E-15
        5470.0000     0.713631E-15
        5490.0000     0.703993E-15
        5510.0000     0.693846E-15
        5530.0000     0.683826E-15
        5550.0000     0.674555E-15
        5570.0000     0.665399E-15
        5590.0000     0.656356E-15
        5610.0000     0.647425E-15
        5630.0000     0.638000E-15
        5650.0000     0.629292E-15
        5670.0000     0.620690E-15
        5690.0000     0.612786E-15
        5710.0000     0.602627E-15
        5730.0000     0.596095E-15
        5750.0000     0.587900E-15
        5770.0000     0.580381E-15
        5790.0000     0.572379E-15
        5810.0000     0.564758E-15
        5830.0000     0.557284E-15
        5850.0000     0.550011E-15
        5870.0000     0.542712E-15
        5890.0000     0.534948E-15
        5910.0000     0.517956E-15
        5930.0000     0.521329E-15
        5950.0000     0.512908E-15
        5970.0000     0.507597E-15
        5990.0000     0.501651E-15
        6010.0000     0.495190E-15
        6030.0000     0.488803E-15
        6050.0000     0.482542E-15
        6070.0000     0.476405E-15
        6090.0000     0.470337E-15
        6110.0000     0.464340E-15
        6130.0000     0.458512E-15
        6150.0000     0.452699E-15
        6170.0000     0.447002E-15
        6190.0000     0.441419E-15
        6210.0000     0.435899E-15
        6230.0000     0.430490E-15
        6250.0000     0.425141E-15
        6270.0000     0.419851E-15
        6290.0000     0.411813E-15
        6310.0000     0.409351E-15
        6330.0000     0.404569E-15
        6350.0000     0.399650E-15
        6370.0000     0.394785E-15
        6390.0000     0.389972E-15
        6420.0000     0.382945E-15
        6460.0000     0.373766E-15
        6500.0000     0.364874E-15
        6540.0000     0.356260E-15
        6580.0000     0.347873E-15
        6620.0000     0.339749E-15
        6660.0000     0.331881E-15
        6700.0000     0.324218E-15
        6740.0000     0.316756E-15
        6780.0000     0.307947E-15
        6820.0000     0.302493E-15
        6860.0000     0.295679E-15
        6900.0000     0.289043E-15
        6940.0000     0.282580E-15
        6980.0000     0.276324E-15
        7020.0000     0.270230E-15
        7060.0000     0.264295E-15
        7100.0000     0.258514E-15
        7140.0000     0.252921E-15
        7180.0000     0.247474E-15
        7220.0000     0.242131E-15
        7260.0000     0.236963E-15
        7300.0000     0.231930E-15
        7340.0000     0.227027E-15
        7380.0000     0.222252E-15
        7420.0000     0.217602E-15
        7460.0000     0.210801E-15
        7500.0000     0.205563E-15
        7540.0000     0.204297E-15
        7580.0000     0.200213E-15
        7620.0000     0.196138E-15
        7660.0000     0.192137E-15
        7700.0000     0.188272E-15
        7740.0000     0.184509E-15
        7780.0000     0.180813E-15
        7820.0000     0.177215E-15
        7860.0000     0.173711E-15
        7900.0000     0.170299E-15
        7940.0000     0.166978E-15
        7980.0000     0.163714E-15
        8020.0000     0.160537E-15
        8060.0000     0.157444E-15
        8100.0000     0.154433E-15
        8140.0000     0.151359E-15
        8180.0000     0.148594E-15
        8220.0000     0.145791E-15
        8260.0000     0.143035E-15
        8300.0000     0.140353E-15
        8340.0000     0.137744E-15
        8380.0000     0.135177E-15
        8420.0000     0.132681E-15
        8460.0000     0.130252E-15
        8500.0000     0.127862E-15
        8540.0000     0.125538E-15
        8580.0000     0.123252E-15
        8620.0000     0.121028E-15
        8660.0000     0.118636E-15
        8700.0000     0.116713E-15
        8740.0000     0.114218E-15
        8780.0000     0.112186E-15
        8820.0000     0.110604E-15
        8860.0000     0.108681E-15
        8900.0000     0.106763E-15
        8940.0000     0.104900E-15
        8980.0000     0.103089E-15
        9020.0000     0.101305E-15
        9060.0000     0.995497E-16
        9100.0000     0.978439E-16
        9140.0000     0.961870E-16
        9180.0000     0.945553E-16
        9220.0000     0.929482E-16
        9260.0000     0.913876E-16
        9300.0000     0.898503E-16
        9340.0000     0.883580E-16
        9380.0000     0.866265E-16
        9420.0000     0.854176E-16
        9460.0000     0.840334E-16
        9500.0000     0.826483E-16
        9540.0000     0.813044E-16
        9580.0000     0.799800E-16
        9620.0000     0.786748E-16
        9660.0000     0.774089E-16
        9700.0000     0.761612E-16
        9740.0000     0.749313E-16
        9780.0000     0.737390E-16
        9820.0000     0.725636E-16
        9860.0000     0.714245E-16
        9900.0000     0.703014E-16
        9940.0000     0.691941E-16
        9980.0000     0.681022E-16
       10020.0000     0.670445E-16
       20000.0000     0.437965E-17
       40000.0000     0.278157E-18
       60000.0000     0.550569E-19
       80000.0000     0.174117E-19
      100000.0000     0.712005E-20
      120000.0000     0.342709E-20
      140000.0000     0.184663E-20
      160000.0000     0.108019E-20
